1 2 0.217319
1 3 0.664940
1 4 0.432527
1 5 0.737458
1 6 0.372079
1 7 0.407867
1 8 0.460143
1 9 0.445094
1 10 0.495526
1 11 0.606664
1 12 0.411228
1 13 0.646726
1 14 0.478062
1 15 0.481266
1 16 0.436074
1 17 0.523766
1 18 0.604314
1 19 0.457862
1 20 0.493478
1 21 0.308829
1 22 0.398239
1 23 0.674218
1 24 0.720958
1 25 0.660821
1 26 0.555340
1 27 0.668052
1 28 0.450074
1 29 0.722105
1 30 0.349649
1 31 0.455865
1 32 0.355689
1 33 0.302889
1 34 0.278280
1 35 0.624134
1 36 0.857747
1 37 0.322974
1 38 0.694833
1 39 0.397867
1 40 0.513565
1 41 0.333236
1 42 0.500172
1 43 0.470272
1 44 0.500413
1 45 0.384342
1 46 0.725620
1 47 0.305036
1 48 0.473710
1 49 0.463095
1 50 0.601227
1 51 0.564072
1 52 0.606738
1 53 0.631904
1 54 0.377517
1 55 0.363183
1 56 0.447589
1 57 0.352588
1 58 0.685792
1 59 0.732970
1 60 0.666461
1 61 0.570538
1 62 0.639649
1 63 0.371586
1 64 0.531393
1 65 0.379149
1 66 0.653029
1 67 0.291246
1 68 0.254319
1 69 0.092254
1 70 0.621357
2 3 0.331531
2 4 0.559044
2 5 0.254436
2 6 0.509277
2 7 0.009846
2 8 0.532088
2 9 0.565465
2 10 0.584980
2 11 0.413523
2 12 0.484178
2 13 0.259979
2 14 0.517592
2 15 0.014697
2 16 0.595514
2 17 0.288044
2 18 0.305593
2 19 0.473201
2 20 0.146819
2 21 0.361124
2 22 0.524318
2 23 0.376053
2 24 0.493429
2 25 0.292231
2 26 0.607206
2 27 0.103020
2 28 0.446482
2 29 0.210832
2 30 0.599625
2 31 0.661836
2 32 0.636514
2 33 0.319299
2 34 0.017339
2 35 0.413862
2 36 0.107180
2 37 0.612115
2 38 0.057629
2 39 0.189407
2 40 0.230440
2 41 0.565656
2 42 0.006364
2 43 0.509212
2 44 0.292951
2 45 0.300619
2 46 0.105596
2 47 0.495838
2 48 0.237379
2 49 0.516995
2 50 0.020175
2 51 0.162292
2 52 0.136068
2 53 0.146186
2 54 0.401316
2 55 0.021812
2 56 0.280208
2 57 0.522187
2 58 0.257399
2 59 0.288238
2 60 0.249740
2 61 0.515581
2 62 0.094296
2 63 0.323233
2 64 0.066091
2 65 0.505591
2 66 0.345319
2 67 0.506003
2 68 0.324910
2 69 0.131657
2 70 0.083702
3 4 0.436217
3 5 0.630788
3 6 0.395204
3 7 0.293483
3 8 0.408598
3 9 0.362766
3 10 0.451324
3 11 0.397483
3 12 0.367423
3 13 0.567648
3 14 0.387734
3 15 0.213942
3 16 0.313135
3 17 0.443016
3 18 0.602401
3 19 0.618678
3 20 0.429566
3 21 0.405271
3 22 0.311845
3 23 0.679810
3 24 0.666677
3 25 0.662842
3 26 0.521076
3 27 0.425024
3 28 0.616425
3 29 0.676703
3 30 0.349377
3 31 0.494009
3 32 0.466685
3 33 0.306518
3 34 0.192266
3 35 0.529599
3 36 0.663656
3 37 0.298831
3 38 0.778331
3 39 0.260202
3 40 0.284200
3 41 0.351019
3 42 0.235365
3 43 0.423096
3 44 0.323045
3 45 0.308675
3 46 0.340720
3 47 0.294813
3 48 0.414362
3 49 0.354047
3 50 0.332565
3 51 0.385264
3 52 0.372068
3 53 0.534273
3 54 0.387382
3 55 0.246694
3 56 0.507456
3 57 0.281495
3 58 0.649550
3 59 0.796175
3 60 0.597360
3 61 0.454890
3 62 0.429915
3 63 0.470877
3 64 0.402431
3 65 0.287030
3 66 0.557799
3 67 0.425041
3 68 0.182557
3 69 0.043704
3 70 0.494800
4 5 0.556548
4 6 0.619992
4 7 0.526728
4 8 0.709680
4 9 0.833464
4 10 0.729394
4 11 0.701814
4 12 0.653338
4 13 0.519965
4 14 0.743781
4 15 0.204165
4 16 0.797095
4 17 0.371164
4 18 0.548891
4 19 0.492449
4 20 0.545879
4 21 0.477378
4 22 0.710033
4 23 0.646147
4 24 0.558184
4 25 0.659312
4 26 0.775604
4 27 0.175243
4 28 0.744554
4 29 0.571765
4 30 0.788687
4 31 0.382900
4 32 0.772563
4 33 0.374302
4 34 0.262772
4 35 0.478881
4 36 0.354646
4 37 0.547299
4 38 0.368905
4 39 0.673277
4 40 0.104864
4 41 0.570152
4 42 0.484360
4 43 0.760302
4 44 0.646240
4 45 0.690817
4 46 0.405071
4 47 0.606347
4 48 0.408490
4 49 0.726152
4 50 0.249066
4 51 0.542674
4 52 0.470306
4 53 0.433342
4 54 0.599380
4 55 0.429471
4 56 0.485011
4 57 0.645263
4 58 0.655482
4 59 0.480880
4 60 0.627417
4 61 0.756297
4 62 0.181292
4 63 0.681812
4 64 0.392464
4 65 0.812230
4 66 0.448332
4 67 0.518477
4 68 0.455092
4 69 0.048384
4 70 0.343308
5 6 0.389807
5 7 0.401558
5 8 0.430086
5 9 0.525112
5 10 0.472272
5 11 0.652374
5 12 0.421891
5 13 0.623714
5 14 0.491069
5 15 0.324701
5 16 0.511626
5 17 0.408399
5 18 0.524725
5 19 0.348836
5 20 0.558455
5 21 0.347566
5 22 0.454797
5 23 0.665301
5 24 0.712998
5 25 0.625339
5 26 0.623307
5 27 0.605530
5 28 0.539186
5 29 0.648712
5 30 0.440870
5 31 0.319257
5 32 0.478517
5 33 0.169063
5 34 0.239086
5 35 0.547608
5 36 0.580891
5 37 0.175744
5 38 0.645069
5 39 0.370706
5 40 0.564261
5 41 0.336813
5 42 0.438389
5 43 0.499714
5 44 0.432377
5 45 0.441798
5 46 0.618697
5 47 0.357416
5 48 0.441386
5 49 0.478037
5 50 0.462250
5 51 0.492614
5 52 0.497742
5 53 0.525916
5 54 0.280880
5 55 0.314134
5 56 0.304285
5 57 0.373572
5 58 0.635142
5 59 0.657412
5 60 0.602810
5 61 0.628925
5 62 0.618972
5 63 0.391192
5 64 0.433572
5 65 0.444116
5 66 0.505905
5 67 0.356361
5 68 0.187776
5 69 0.085499
5 70 0.552131
6 7 0.395511
6 8 0.787637
6 9 0.695950
6 10 0.696622
6 11 0.649726
6 12 0.799265
6 13 0.469905
6 14 0.843792
6 15 0.103245
6 16 0.645179
6 17 0.334101
6 18 0.470265
6 19 0.415379
6 20 0.350499
6 21 0.251045
6 22 0.880849
6 23 0.595947
6 24 0.449281
6 25 0.627794
6 26 0.810029
6 27 0.063609
6 28 0.531751
6 29 0.481452
6 30 0.800197
6 31 0.408700
6 32 0.545730
6 33 0.329849
6 34 0.009901
6 35 0.386385
6 36 0.296723
6 37 0.472724
6 38 0.330180
6 39 0.478822
6 40 0.001777
6 41 0.909562
6 42 0.279444
6 43 0.766212
6 44 0.416468
6 45 0.587246
6 46 0.444554
6 47 0.749550
6 48 0.285439
6 49 0.866804
6 50 0.098163
6 51 0.451769
6 52 0.376727
6 53 0.422121
6 54 0.516806
6 55 0.332361
6 56 0.377783
6 57 0.886514
6 58 0.579535
6 59 0.497743
6 60 0.612544
6 61 0.624896
6 62 0.085926
6 63 0.534014
6 64 0.287236
6 65 0.680096
6 66 0.390004
6 67 0.442531
6 68 0.462976
6 69 0.217969
6 70 0.301665
7 8 0.477224
7 9 0.537320
7 10 0.414113
7 11 0.502039
7 12 0.437869
7 13 0.394151
7 14 0.493180
7 15 0.339422
7 16 0.532943
7 17 0.420206
7 18 0.371668
7 19 0.081469
7 20 0.404789
7 21 0.003717
7 22 0.416339
7 23 0.468128
7 24 0.304105
7 25 0.539046
7 26 0.418645
7 27 0.347962
7 28 0.341903
7 29 0.496111
7 30 0.379034
7 31 0.131038
7 32 0.278437
7 33 0.164216
7 34 0.285596
7 35 0.297855
7 36 0.387191
7 37 0.179953
7 38 0.348831
7 39 0.400179
7 40 0.312085
7 41 0.351843
7 42 0.625709
7 43 0.501596
7 44 0.474417
7 45 0.416468
7 46 0.418532
7 47 0.387692
7 48 0.254169
7 49 0.486064
7 50 0.315874
7 51 0.438170
7 52 0.598246
7 53 0.439311
7 54 0.260587
7 55 0.352446
7 56 0.247571
7 57 0.417084
7 58 0.545413
7 59 0.373536
7 60 0.526491
7 61 0.374403
7 62 0.201683
7 63 0.309366
7 64 0.456566
7 65 0.381017
7 66 0.319547
7 67 0.073207
7 68 0.401774
7 69 0.075710
7 70 0.387636
8 9 0.702535
8 10 0.899163
8 11 0.606606
8 12 0.942058
8 13 0.585240
8 14 0.938284
8 15 0.298812
8 16 0.767668
8 17 0.485633
8 18 0.635955
8 19 0.487264
8 20 0.498479
8 21 0.333842
8 22 0.833367
8 23 0.730300
8 24 0.523111
8 25 0.715205
8 26 0.715414
8 27 0.186417
8 28 0.533683
8 29 0.629002
8 30 0.901485
8 31 0.429314
8 32 0.579378
8 33 0.362243
8 34 0.070617
8 35 0.467559
8 36 0.386846
8 37 0.593058
8 38 0.429771
8 39 0.704276
8 40 0.186208
8 41 0.836376
8 42 0.450989
8 43 0.963753
8 44 0.562598
8 45 0.705399
8 46 0.458309
8 47 0.881109
8 48 0.516371
8 49 0.920530
8 50 0.303017
8 51 0.566078
8 52 0.524211
8 53 0.498862
8 54 0.650562
8 55 0.554035
8 56 0.562482
8 57 0.769454
8 58 0.680992
8 59 0.549998
8 60 0.711832
8 61 0.661502
8 62 0.210517
8 63 0.679749
8 64 0.539013
8 65 0.858419
8 66 0.452442
8 67 0.604098
8 68 0.565024
8 69 0.185750
8 70 0.387810
9 10 0.676981
9 11 0.839650
9 12 0.699237
9 13 0.523437
9 14 0.737252
9 15 0.331803
9 16 0.837555
9 17 0.393213
9 18 0.453616
9 19 0.263299
9 20 0.487523
9 21 0.150195
9 22 0.760316
9 23 0.516667
9 24 0.568042
9 25 0.506682
9 26 0.859382
9 27 0.271717
9 28 0.617314
9 29 0.567870
9 30 0.758187
9 31 0.462439
9 32 0.684731
9 33 0.338393
9 34 0.309345
9 35 0.404647
9 36 0.285405
9 37 0.475776
9 38 0.257305
9 39 0.512702
9 40 0.017336
9 41 0.666982
9 42 0.480612
9 43 0.744976
9 44 0.729483
9 45 0.571472
9 46 0.531857
9 47 0.660536
9 48 0.345437
9 49 0.748739
9 50 0.296491
9 51 0.592535
9 52 0.490611
9 53 0.402724
9 54 0.364223
9 55 0.359134
9 56 0.281968
9 57 0.712365
9 58 0.551053
9 59 0.464729
9 60 0.524492
9 61 0.817308
9 62 0.165924
9 63 0.454704
9 64 0.379122
9 65 0.746429
9 66 0.492358
9 67 0.365155
9 68 0.481019
9 69 0.004297
9 70 0.301364
10 11 0.579826
10 12 0.835438
10 13 0.560567
10 14 0.858730
10 15 0.239835
10 16 0.810200
10 17 0.472475
10 18 0.683151
10 19 0.549999
10 20 0.478169
10 21 0.396494
10 22 0.743189
10 23 0.759724
10 24 0.575490
10 25 0.725744
10 26 0.713181
10 27 0.156751
10 28 0.555632
10 29 0.637879
10 30 0.871245
10 31 0.507147
10 32 0.656457
10 33 0.421089
10 34 0.011648
10 35 0.538889
10 36 0.398265
10 37 0.590438
10 38 0.474372
10 39 0.637365
10 40 0.184239
10 41 0.715540
10 42 0.354264
10 43 0.877150
10 44 0.557139
10 45 0.686429
10 46 0.405254
10 47 0.758373
10 48 0.450752
10 49 0.830238
10 50 0.250728
10 51 0.508716
10 52 0.484191
10 53 0.533394
10 54 0.695661
10 55 0.480563
10 56 0.575276
10 57 0.664219
10 58 0.692230
10 59 0.575156
10 60 0.724417
10 61 0.673217
10 62 0.200268
10 63 0.651658
10 64 0.473706
10 65 0.841417
10 66 0.411658
10 67 0.609234
10 68 0.494389
10 69 0.316852
10 70 0.377068
11 12 0.572722
11 13 0.512478
11 14 0.730363
11 15 0.459855
11 16 0.673698
11 17 0.453473
11 18 0.527150
11 19 0.220283
11 20 0.477615
11 21 0.166271
11 22 0.752709
11 23 0.542158
11 24 0.725981
11 25 0.548988
11 26 0.889209
11 27 0.473119
11 28 0.618599
11 29 0.673403
11 30 0.604204
11 31 0.440494
11 32 0.550377
11 33 0.203605
11 34 0.246948
11 35 0.440674
11 36 0.390317
11 37 0.339313
11 38 0.444759
11 39 0.507819
11 40 0.147016
11 41 0.563329
11 42 0.408675
11 43 0.642153
11 44 0.669252
11 45 0.511377
11 46 0.792697
11 47 0.467030
11 48 0.359461
11 49 0.730916
11 50 0.394926
11 51 0.571118
11 52 0.574090
11 53 0.501635
11 54 0.323952
11 55 0.310603
11 56 0.233637
11 57 0.692228
11 58 0.593875
11 59 0.593861
11 60 0.594571
11 61 0.860885
11 62 0.334036
11 63 0.419574
11 64 0.494969
11 65 0.611566
11 66 0.527931
11 67 0.252905
11 68 0.256253
11 69 0.024634
11 70 0.449976
12 13 0.583565
12 14 0.882406
12 15 0.304005
12 16 0.767369
12 17 0.391379
12 18 0.621843
12 19 0.429899
12 20 0.513281
12 21 0.252986
12 22 0.846998
12 23 0.686843
12 24 0.477525
12 25 0.683432
12 26 0.705232
12 27 0.183357
12 28 0.486137
12 29 0.601357
12 30 0.873515
12 31 0.411558
12 32 0.560156
12 33 0.325290
12 34 0.089410
12 35 0.426410
12 36 0.360453
12 37 0.526919
12 38 0.364758
12 39 0.633006
12 40 0.143823
12 41 0.864661
12 42 0.434096
12 43 0.930068
12 44 0.546694
12 45 0.670606
12 46 0.430994
12 47 0.938560
12 48 0.486777
12 49 0.870979
12 50 0.293035
12 51 0.604639
12 52 0.443579
12 53 0.490832
12 54 0.562613
12 55 0.551918
12 56 0.494760
12 57 0.755980
12 58 0.636158
12 59 0.525447
12 60 0.683072
12 61 0.626348
12 62 0.213630
12 63 0.594334
12 64 0.494606
12 65 0.817809
12 66 0.464635
12 67 0.570568
12 68 0.544158
12 69 0.145082
12 70 0.401859
13 14 0.545081
13 15 0.610637
13 16 0.581338
13 17 0.351192
13 18 0.687925
13 19 0.418256
13 20 0.836015
13 21 0.323875
13 22 0.480603
13 23 0.709892
13 24 0.648160
13 25 0.655355
13 26 0.547306
13 27 0.663121
13 28 0.564859
13 29 0.765406
13 30 0.519701
13 31 0.517649
13 32 0.521308
13 33 0.351035
13 34 0.506211
13 35 0.633778
13 36 0.631372
13 37 0.411057
13 38 0.585570
13 39 0.447767
13 40 0.422215
13 41 0.438222
13 42 0.534952
13 43 0.624863
13 44 0.576897
13 45 0.517873
13 46 0.483202
13 47 0.531591
13 48 0.780703
13 49 0.517928
13 50 0.660493
13 51 0.701275
13 52 0.434085
13 53 0.632980
13 54 0.416882
13 55 0.681284
13 56 0.580043
13 57 0.404170
13 58 0.662437
13 59 0.695596
13 60 0.643374
13 61 0.506982
13 62 0.668255
13 63 0.511569
13 64 0.589528
13 65 0.519140
13 66 0.704467
13 67 0.514147
13 68 0.443486
13 69 0.296407
13 70 0.652697
14 15 0.249494
14 16 0.772161
14 17 0.485451
14 18 0.627050
14 19 0.469981
14 20 0.463882
14 21 0.343454
14 22 0.912732
14 23 0.717243
14 24 0.559233
14 25 0.719660
14 26 0.809886
14 27 0.179731
14 28 0.584363
14 29 0.618253
14 30 0.882444
14 31 0.438395
14 32 0.613619
14 33 0.313250
14 34 0.007876
14 35 0.481290
14 36 0.364454
14 37 0.545336
14 38 0.426087
14 39 0.684819
14 40 0.175294
14 41 0.838895
14 42 0.411602
14 43 0.920874
14 44 0.563189
14 45 0.665243
14 46 0.551666
14 47 0.807267
14 48 0.462351
14 49 0.981064
14 50 0.234283
14 51 0.530108
14 52 0.546945
14 53 0.500309
14 54 0.631023
14 55 0.472632
14 56 0.500840
14 57 0.857739
14 58 0.680643
14 59 0.541632
14 60 0.710832
14 61 0.745332
14 62 0.197089
14 63 0.678891
14 64 0.486266
14 65 0.824116
14 66 0.452591
14 67 0.530175
14 68 0.492744
14 69 0.206052
14 70 0.402820
15 16 0.332751
15 17 0.251613
15 18 0.468831
15 19 0.000601
15 20 0.597471
15 21 0.069362
15 22 0.146171
15 23 0.338941
15 24 0.445069
15 25 0.335905
15 26 0.242872
15 27 0.758594
15 28 0.291603
15 29 0.608057
15 30 0.173346
15 31 0.281439
15 32 0.047945
15 33 0.164538
15 34 0.576342
15 35 0.247974
15 36 0.399182
15 37 0.181730
15 38 0.349000
15 39 0.304835
15 40 0.327772
15 41 0.118540
15 42 0.496224
15 43 0.328267
15 44 0.460969
15 45 0.274266
15 46 0.536558
15 47 0.237485
15 48 0.633029
15 49 0.209406
15 50 0.830038
15 51 0.551014
15 52 0.383148
15 53 0.476635
15 54 0.103592
15 55 0.504431
15 56 0.252138
15 57 0.099736
15 58 0.372337
15 59 0.433953
15 60 0.406537
15 61 0.293908
15 62 0.646802
15 63 0.183487
15 64 0.625092
15 65 0.259843
15 66 0.439107
15 67 0.141032
15 68 0.338378
15 69 0.411793
15 70 0.480184
16 17 0.390957
16 18 0.557504
16 19 0.333548
16 20 0.556811
16 21 0.216698
16 22 0.739024
16 23 0.604855
16 24 0.588771
16 25 0.591598
16 26 0.722610
16 27 0.244613
16 28 0.491348
16 29 0.545548
16 30 0.756108
16 31 0.537664
16 32 0.719489
16 33 0.364852
16 34 0.225685
16 35 0.511120
16 36 0.328973
16 37 0.636305
16 38 0.265942
16 39 0.568203
16 40 0.141660
16 41 0.664787
16 42 0.486157
16 43 0.800686
16 44 0.717144
16 45 0.673639
16 46 0.446296
16 47 0.740950
16 48 0.449447
16 49 0.755954
16 50 0.299393
16 51 0.649506
16 52 0.494028
16 53 0.467381
16 54 0.507972
16 55 0.456864
16 56 0.412322
16 57 0.674845
16 58 0.575765
16 59 0.441807
16 60 0.596974
16 61 0.678552
16 62 0.211400
16 63 0.481055
16 64 0.380273
16 65 0.788004
16 66 0.483568
16 67 0.432858
16 68 0.557984
16 69 0.031123
16 70 0.358777
17 18 0.306274
17 19 0.337062
17 20 0.264450
17 21 0.220514
17 22 0.364040
17 23 0.406925
17 24 0.415334
17 25 0.421736
17 26 0.415888
17 27 0.313520
17 28 0.356770
17 29 0.446918
17 30 0.374848
17 31 0.366643
17 32 0.237276
17 33 0.176646
17 34 0.123109
17 35 0.277229
17 36 0.412030
17 37 0.327606
17 38 0.360400
17 39 0.325758
17 40 0.282555
17 41 0.423739
17 42 0.280268
17 43 0.441179
17 44 0.298059
17 45 0.109212
17 46 0.399337
17 47 0.358635
17 48 0.307272
17 49 0.497043
17 50 0.304010
17 51 0.217566
17 52 0.802068
17 53 0.321178
17 54 0.241000
17 55 0.202533
17 56 0.278463
17 57 0.386480
17 58 0.383516
17 59 0.364436
17 60 0.379945
17 61 0.439439
17 62 0.285903
17 63 0.256660
17 64 0.342539
17 65 0.353828
17 66 0.366623
17 67 0.167130
17 68 0.211084
17 69 0.090257
17 70 0.223869
18 19 0.576565
18 20 0.631699
18 21 0.363539
18 22 0.503047
18 23 0.845842
18 24 0.751220
18 25 0.804338
18 26 0.593338
18 27 0.420642
18 28 0.582754
18 29 0.810577
18 30 0.557791
18 31 0.570534
18 32 0.588612
18 33 0.281454
18 34 0.230093
18 35 0.666961
18 36 0.656405
18 37 0.495341
18 38 0.644960
18 39 0.544647
18 40 0.300004
18 41 0.406599
18 42 0.359304
18 43 0.658972
18 44 0.581480
18 45 0.563308
18 46 0.476959
18 47 0.467393
18 48 0.613908
18 49 0.549193
18 50 0.486224
18 51 0.604983
18 52 0.360434
18 53 0.882560
18 54 0.675846
18 55 0.593747
18 56 0.648522
18 57 0.367683
18 58 0.792454
18 59 0.819426
18 60 0.843388
18 61 0.589606
18 62 0.432941
18 63 0.640436
18 64 0.627182
18 65 0.584569
18 66 0.646413
18 67 0.640055
18 68 0.333378
18 69 0.032624
18 70 0.750171
19 20 0.375799
19 21 0.719128
19 22 0.318762
19 23 0.671231
19 24 0.460210
19 25 0.657334
19 26 0.438860
19 27 0.004369
19 28 0.615272
19 29 0.495751
19 30 0.505586
19 31 0.553802
19 32 0.590773
19 33 0.453380
19 34 0.030555
19 35 0.573959
19 36 0.561980
19 37 0.531704
19 38 0.491018
19 39 0.380024
19 40 0.039120
19 41 0.374848
19 42 0.075549
19 43 0.469590
19 44 0.283133
19 45 0.309788
19 46 0.148296
19 47 0.325976
19 48 0.303926
19 49 0.427515
19 50 0.141738
19 51 0.270704
19 52 0.200856
19 53 0.440964
19 54 0.711473
19 55 0.322462
19 56 0.720354
19 57 0.247458
19 58 0.604919
19 59 0.602560
19 60 0.593994
19 61 0.377704
19 62 0.180618
19 63 0.580618
19 64 0.244591
19 65 0.429348
19 66 0.512449
19 67 0.643322
19 68 0.183154
19 69 0.258419
19 70 0.424584
20 21 0.379205
20 22 0.376817
20 23 0.607531
20 24 0.549712
20 25 0.629410
20 26 0.455322
20 27 0.576208
20 28 0.561740
20 29 0.765488
20 30 0.446050
20 31 0.391761
20 32 0.493707
20 33 0.325586
20 34 0.581262
20 35 0.518193
20 36 0.537362
20 37 0.301894
20 38 0.563823
20 39 0.549224
20 40 0.379494
20 41 0.283455
20 42 0.476564
20 43 0.556256
20 44 0.611274
20 45 0.505380
20 46 0.457500
20 47 0.403915
20 48 0.720027
20 49 0.400626
20 50 0.617189
20 51 0.712790
20 52 0.376882
20 53 0.573547
20 54 0.433040
20 55 0.826363
20 56 0.631604
20 57 0.248756
20 58 0.607107
20 59 0.585934
20 60 0.618672
20 61 0.438301
20 62 0.578924
20 63 0.527457
20 64 0.698266
20 65 0.503673
20 66 0.654910
20 67 0.407149
20 68 0.326984
20 69 0.326554
20 70 0.625223
21 22 0.261674
21 23 0.443644
21 24 0.330197
21 25 0.456141
21 26 0.317250
21 27 0.006756
21 28 0.623986
21 29 0.268814
21 30 0.419746
21 31 0.250907
21 32 0.422389
21 33 0.307112
21 34 0.051370
21 35 0.433030
21 36 0.425188
21 37 0.283987
21 38 0.382041
21 39 0.451065
21 40 0.165677
21 41 0.210822
21 42 0.032700
21 43 0.325747
21 44 0.165032
21 45 0.342032
21 46 0.157286
21 47 0.187322
21 48 0.395126
21 49 0.305835
21 50 0.144305
21 51 0.104202
21 52 0.153048
21 53 0.240833
21 54 0.652123
21 55 0.249254
21 56 0.604983
21 57 0.209632
21 58 0.382395
21 59 0.331101
21 60 0.411702
21 61 0.359794
21 62 0.209723
21 63 0.657593
21 64 0.185643
21 65 0.453213
21 66 0.282247
21 67 0.571609
21 68 0.049189
21 69 0.150549
21 70 0.320177
22 23 0.560494
22 24 0.523194
22 25 0.574823
22 26 0.850270
22 27 0.133066
22 28 0.503794
22 29 0.492323
22 30 0.818306
22 31 0.383463
22 32 0.572246
22 33 0.221652
22 34 0.006234
22 35 0.393396
22 36 0.262157
22 37 0.466547
22 38 0.313968
22 39 0.598752
22 40 0.055327
22 41 0.867382
22 42 0.362866
22 43 0.820317
22 44 0.524078
22 45 0.631342
22 46 0.533801
22 47 0.807321
22 48 0.341442
22 49 0.924294
22 50 0.121134
22 51 0.515590
22 52 0.459607
22 53 0.403637
22 54 0.507038
22 55 0.365325
22 56 0.347600
22 57 0.931249
22 58 0.541900
22 59 0.449078
22 60 0.586817
22 61 0.750622
22 62 0.100036
22 63 0.560201
22 64 0.354923
22 65 0.768324
22 66 0.410624
22 67 0.426770
22 68 0.413144
22 69 0.155869
22 70 0.311064
23 24 0.702336
23 25 0.947675
23 26 0.669953
23 27 0.390480
23 28 0.627390
23 29 0.795208
23 30 0.708644
23 31 0.501164
23 32 0.660106
23 33 0.365797
23 34 0.195528
23 35 0.676712
23 36 0.679758
23 37 0.486226
23 38 0.718200
23 39 0.538948
23 40 0.358600
23 41 0.548325
23 42 0.415764
23 43 0.752925
23 44 0.533783
23 45 0.607606
23 46 0.454847
23 47 0.555894
23 48 0.555814
23 49 0.666347
23 50 0.445484
23 51 0.614379
23 52 0.478857
23 53 0.760481
23 54 0.663704
23 55 0.540571
23 56 0.662352
23 57 0.466314
23 58 0.935049
23 59 0.833764
23 60 0.909548
23 61 0.618442
23 62 0.459578
23 63 0.662956
23 64 0.569304
23 65 0.650743
23 66 0.636603
23 67 0.690190
23 68 0.380982
23 69 0.063175
23 70 0.699514
24 25 0.643890
24 26 0.711463
24 27 0.529934
24 28 0.575057
24 29 0.729704
24 30 0.478290
24 31 0.665453
24 32 0.628870
24 33 0.261006
24 34 0.313641
24 35 0.634806
24 36 0.621362
24 37 0.469033
24 38 0.664580
24 39 0.390489
24 40 0.284934
24 41 0.389475
24 42 0.333306
24 43 0.570306
24 44 0.577507
24 45 0.473717
24 46 0.663959
24 47 0.373503
24 48 0.546648
24 49 0.524653
24 50 0.457818
24 51 0.568531
24 52 0.454496
24 53 0.677976
24 54 0.460112
24 55 0.338024
24 56 0.470676
24 57 0.441050
24 58 0.643736
24 59 0.819027
24 60 0.653959
24 61 0.718770
24 62 0.455647
24 63 0.451758
24 64 0.481780
24 65 0.485995
24 66 0.679161
24 67 0.493419
24 68 0.198534
24 69 0.099040
24 70 0.613503
25 26 0.647090
25 27 0.361462
25 28 0.646201
25 29 0.804464
25 30 0.667393
25 31 0.422545
25 32 0.609983
25 33 0.381449
25 34 0.195800
25 35 0.609081
25 36 0.689667
25 37 0.430482
25 38 0.728507
25 39 0.586135
25 40 0.373542
25 41 0.562610
25 42 0.424591
25 43 0.739395
25 44 0.504561
25 45 0.613818
25 46 0.467577
25 47 0.539515
25 48 0.499174
25 49 0.672904
25 50 0.412001
25 51 0.590740
25 52 0.519164
25 53 0.762501
25 54 0.672775
25 55 0.562976
25 56 0.653317
25 57 0.497259
25 58 0.937352
25 59 0.815599
25 60 0.941215
25 61 0.567892
25 62 0.437148
25 63 0.674001
25 64 0.610490
25 65 0.623357
25 66 0.578827
25 67 0.590397
25 68 0.372114
25 69 0.081314
25 70 0.679953
26 27 0.284971
26 28 0.693695
26 29 0.656136
26 30 0.780472
26 31 0.561946
26 32 0.704724
26 33 0.297822
26 34 0.137403
26 35 0.500179
26 36 0.395711
26 37 0.478292
26 38 0.478773
26 39 0.493877
26 40 0.016054
26 41 0.740628
26 42 0.322467
26 43 0.732945
26 44 0.627724
26 45 0.545393
26 46 0.604841
26 47 0.611293
26 48 0.340491
26 49 0.809983
26 50 0.223359
26 51 0.540590
26 52 0.467234
26 53 0.521194
26 54 0.476134
26 55 0.297616
26 56 0.358449
26 57 0.788827
26 58 0.662407
26 59 0.659829
26 60 0.654791
26 61 0.909511
26 62 0.216673
26 63 0.529017
26 64 0.400188
26 65 0.714088
26 66 0.562945
26 67 0.439149
26 68 0.325111
26 69 0.111615
26 70 0.436344
27 28 0.242772
27 29 0.634702
27 30 0.060323
27 31 0.238292
27 32 0.061909
27 33 0.040080
27 34 0.499339
27 35 0.358737
27 36 0.543899
27 37 0.047714
27 38 0.565929
27 39 0.239515
27 40 0.535394
27 41 0.062179
27 42 0.495129
27 43 0.210301
27 44 0.438581
27 45 0.192705
27 46 0.605984
27 47 0.132829
27 48 0.553525
27 49 0.154968
27 50 0.793292
27 51 0.555018
27 52 0.421787
27 53 0.510796
27 54 0.015134
27 55 0.444107
27 56 0.227119
27 57 0.091163
27 58 0.421615
27 59 0.524215
27 60 0.385109
27 61 0.347971
27 62 0.856616
27 63 0.146070
27 64 0.634842
27 65 0.131995
27 66 0.516878
27 67 0.023980
27 68 0.188384
27 69 0.461392
27 70 0.570151
28 29 0.651123
28 30 0.596317
28 31 0.387478
28 32 0.652781
28 33 0.462581
28 34 0.273593
28 35 0.467425
28 36 0.442414
28 37 0.356762
28 38 0.496754
28 39 0.483188
28 40 0.087367
28 41 0.431610
28 42 0.252992
28 43 0.581142
28 44 0.471815
28 45 0.447541
28 46 0.406080
28 47 0.386580
28 48 0.469160
28 49 0.554821
28 50 0.342693
28 51 0.344218
28 52 0.356625
28 53 0.497044
28 54 0.551797
28 55 0.306063
28 56 0.482856
28 57 0.471366
28 58 0.641271
28 59 0.601845
28 60 0.614374
28 61 0.670534
28 62 0.292486
28 63 0.706185
28 64 0.376691
28 65 0.583600
28 66 0.415354
28 67 0.533693
28 68 0.278579
28 69 0.094659
28 70 0.409068
29 30 0.528135
29 31 0.492349
29 32 0.529944
29 33 0.309809
29 34 0.393077
29 35 0.561672
29 36 0.667882
29 37 0.339627
29 38 0.791736
29 39 0.557457
29 40 0.387074
29 41 0.400278
29 42 0.484474
29 43 0.673267
29 44 0.652613
29 45 0.512743
29 46 0.625842
29 47 0.440334
29 48 0.598062
29 49 0.564346
29 50 0.593267
29 51 0.705565
29 52 0.535019
29 53 0.769186
29 54 0.482375
29 55 0.675278
29 56 0.592239
29 57 0.378401
29 58 0.810668
29 59 0.858132
29 60 0.807044
29 61 0.631198
29 62 0.568279
29 63 0.558882
29 64 0.826527
29 65 0.517118
29 66 0.696993
29 67 0.426768
29 68 0.300163
29 69 0.101784
29 70 0.678522
30 31 0.420737
30 32 0.654828
30 33 0.346237
30 34 0.061564
30 35 0.437589
30 36 0.263915
30 37 0.530282
30 38 0.338469
30 39 0.635024
30 40 0.042852
30 41 0.818238
30 42 0.328559
30 43 0.900198
30 44 0.502415
30 45 0.677726
30 46 0.347663
30 47 0.828164
30 48 0.403507
30 49 0.875103
30 50 0.176620
30 51 0.475492
30 52 0.396798
30 53 0.409964
30 54 0.660597
30 55 0.445412
30 56 0.501488
30 57 0.744445
30 58 0.638556
30 59 0.485672
30 60 0.662030
30 61 0.717501
30 62 0.118234
30 63 0.667314
30 64 0.376552
30 65 0.913274
30 66 0.389120
30 67 0.670147
30 68 0.520248
30 69 0.252063
30 70 0.320538
31 32 0.569965
31 33 0.327123
31 34 0.223092
31 35 0.696721
31 36 0.454020
31 37 0.616223
31 38 0.338126
31 39 0.182513
31 40 0.118663
31 41 0.426053
31 42 0.055892
31 43 0.410449
31 44 0.431356
31 45 0.187505
31 46 0.291549
31 47 0.353565
31 48 0.371472
31 49 0.403299
31 50 0.232204
31 51 0.367588
31 52 0.212293
31 53 0.446799
31 54 0.470599
31 55 0.249160
31 56 0.496084
31 57 0.314546
31 58 0.410294
31 59 0.574995
31 60 0.419738
31 61 0.453259
31 62 0.196515
31 63 0.276915
31 64 0.223104
31 65 0.346157
31 66 0.696530
31 67 0.434108
31 68 0.287568
31 69 0.013652
31 70 0.465680
32 33 0.390047
32 34 0.252321
32 35 0.601232
32 36 0.382189
32 37 0.599975
32 38 0.358416
32 39 0.419937
32 40 0.010176
32 41 0.475727
32 42 0.236397
32 43 0.653039
32 44 0.588695
32 45 0.579900
32 46 0.282754
32 47 0.480866
32 48 0.356967
32 49 0.582335
32 50 0.090843
32 51 0.500853
32 52 0.285187
32 53 0.439232
32 54 0.536564
32 55 0.310888
32 56 0.449170
32 57 0.517627
32 58 0.612102
32 59 0.560553
32 60 0.553145
32 61 0.661193
32 62 0.071186
32 63 0.565580
32 64 0.223174
32 65 0.625691
32 66 0.556195
32 67 0.607340
32 68 0.296038
32 69 0.071146
32 70 0.427639
33 34 0.176776
33 35 0.244087
33 36 0.329236
33 37 0.457356
33 38 0.204537
33 39 0.303105
33 40 0.094872
33 41 0.310437
33 42 0.302477
33 43 0.355512
33 44 0.360422
33 45 0.333650
33 46 0.228623
33 47 0.287458
33 48 0.254093
33 49 0.295135
33 50 0.250511
33 51 0.322432
33 52 0.235887
33 53 0.242859
33 54 0.462276
33 55 0.206356
33 56 0.473526
33 57 0.265109
33 58 0.367483
33 59 0.253798
33 60 0.347725
33 61 0.270019
33 62 0.118905
33 63 0.350242
33 64 0.134141
33 65 0.363921
33 66 0.283672
33 67 0.322176
33 68 0.279588
33 69 0.014367
33 70 0.081675
34 35 0.188887
34 36 0.369157
34 37 0.186502
34 38 0.204461
34 39 0.217524
34 40 0.212839
34 41 0.063611
34 42 0.461793
34 43 0.141693
34 44 0.459320
34 45 0.204009
34 46 0.265541
34 47 0.047709
34 48 0.536228
34 49 0.024439
34 50 0.511298
34 51 0.493488
34 52 0.259847
34 53 0.266475
34 54 0.044606
34 55 0.444245
34 56 0.305115
34 57 0.033031
34 58 0.220285
34 59 0.264850
34 60 0.188276
34 61 0.201671
34 62 0.345639
34 63 0.160347
34 64 0.380882
34 65 0.151207
34 66 0.505334
34 67 0.108307
34 68 0.216828
34 69 0.696332
34 70 0.352113
35 36 0.638320
35 37 0.454788
35 38 0.491048
35 39 0.363967
35 40 0.255858
35 41 0.345949
35 42 0.233153
35 43 0.484570
35 44 0.448471
35 45 0.392020
35 46 0.370516
35 47 0.361497
35 48 0.434802
35 49 0.444591
35 50 0.342012
35 51 0.454265
35 52 0.235190
35 53 0.566211
35 54 0.550588
35 55 0.397875
35 56 0.546570
35 57 0.288764
35 58 0.632443
35 59 0.642254
35 60 0.601696
35 61 0.411909
35 62 0.389987
35 63 0.485171
35 64 0.344161
35 65 0.429672
35 66 0.671262
35 67 0.516344
35 68 0.322208
35 69 0.032827
35 70 0.718605
36 37 0.376324
36 38 0.679790
36 39 0.403186
36 40 0.478844
36 41 0.241150
36 42 0.454466
36 43 0.414993
36 44 0.467513
36 45 0.400800
36 46 0.580024
36 47 0.244182
36 48 0.532845
36 49 0.335191
36 50 0.561177
36 51 0.566102
36 52 0.511720
36 53 0.695437
36 54 0.509778
36 55 0.454540
36 56 0.592791
36 57 0.212211
36 58 0.692766
36 59 0.739386
36 60 0.683672
36 61 0.421245
36 62 0.560263
36 63 0.453717
36 64 0.535241
36 65 0.315962
36 66 0.713655
36 67 0.399314
36 68 0.242402
36 69 0.165967
36 70 0.740316
37 38 0.154863
37 39 0.489417
37 40 0.062170
37 41 0.494280
37 42 0.284459
37 43 0.569204
37 44 0.592566
37 45 0.482740
37 46 0.233581
37 47 0.508037
37 48 0.420836
37 49 0.515503
37 50 0.245019
37 51 0.509437
37 52 0.291009
37 53 0.397636
37 54 0.635094
37 55 0.346007
37 56 0.587531
37 57 0.436509
37 58 0.446023
37 59 0.390010
37 60 0.467590
37 61 0.480682
37 62 0.083348
37 63 0.483355
37 64 0.216730
37 65 0.604717
37 66 0.530764
37 67 0.518992
37 68 0.471667
37 69 0.012486
37 70 0.255058
38 39 0.436018
38 40 0.478832
38 41 0.233317
38 42 0.343312
38 43 0.433916
38 44 0.377230
38 45 0.417689
38 46 0.545253
38 47 0.214098
38 48 0.460932
38 49 0.363223
38 50 0.447854
38 51 0.485336
38 52 0.404713
38 53 0.624005
38 54 0.446399
38 55 0.481222
38 56 0.585311
38 57 0.231684
38 58 0.706324
38 59 0.825243
38 60 0.709831
38 61 0.455920
38 62 0.573434
38 63 0.527016
38 64 0.705337
38 65 0.322994
38 66 0.557986
38 67 0.362261
38 68 0.084152
38 69 0.029269
38 70 0.623857
39 40 0.295134
39 41 0.429555
39 42 0.489128
39 43 0.689984
39 44 0.689420
39 45 0.710233
39 46 0.525419
39 47 0.515657
39 48 0.517883
39 49 0.633608
39 50 0.406214
39 51 0.589146
39 52 0.468304
39 53 0.448318
39 54 0.708515
39 55 0.710890
39 56 0.677746
39 57 0.479975
39 58 0.567023
39 59 0.400588
39 60 0.633419
39 61 0.609304
39 62 0.295079
39 63 0.813852
39 64 0.702499
39 65 0.808788
39 66 0.432016
39 67 0.461150
39 68 0.390442
39 69 0.004223
39 70 0.384846
40 41 0.008424
40 42 0.406774
40 43 0.225971
40 44 0.137178
40 45 0.287667
40 46 0.369661
40 47 0.138768
40 48 0.440888
40 49 0.159157
40 50 0.414814
40 51 0.273227
40 52 0.378269
40 53 0.372208
40 54 0.082655
40 55 0.333105
40 56 0.194396
40 57 0.035724
40 58 0.354454
40 59 0.336249
40 60 0.371495
40 61 0.085491
40 62 0.635009
40 63 0.239063
40 64 0.433712
40 65 0.143120
40 66 0.158917
40 67 0.106875
40 68 0.113593
40 69 0.146094
40 70 0.420163
41 42 0.282476
41 43 0.794180
41 44 0.355643
41 45 0.498645
41 46 0.361953
41 47 0.885789
41 48 0.290683
41 49 0.879697
41 50 0.102688
41 51 0.417288
41 52 0.414322
41 53 0.341135
41 54 0.448450
41 55 0.276680
41 56 0.307995
41 57 0.878023
41 58 0.510833
41 59 0.416616
41 60 0.540282
41 61 0.576452
41 62 0.096808
41 63 0.462824
41 64 0.240558
41 65 0.686814
41 66 0.345209
41 67 0.440388
41 68 0.506691
41 69 0.211168
41 70 0.236234
42 43 0.494039
42 44 0.576596
42 45 0.480813
42 46 0.534233
42 47 0.427891
42 48 0.554607
42 49 0.411210
42 50 0.543751
42 51 0.637858
42 52 0.590081
42 53 0.417573
42 54 0.247116
42 55 0.515343
42 56 0.361324
42 57 0.378724
42 58 0.436530
42 59 0.324123
42 60 0.416620
42 61 0.391436
42 62 0.437930
42 63 0.342881
42 64 0.554896
42 65 0.409943
42 66 0.412054
42 67 0.151934
42 68 0.495415
42 69 0.451759
42 70 0.317858
43 44 0.600515
43 45 0.763346
43 46 0.478970
43 47 0.877136
43 48 0.539811
43 49 0.910408
43 50 0.327847
43 51 0.635356
43 52 0.534321
43 53 0.522161
43 54 0.623709
43 55 0.570371
43 56 0.536228
43 57 0.751256
43 58 0.706843
43 59 0.586554
43 60 0.720568
43 61 0.689173
43 62 0.218299
43 63 0.677024
43 64 0.552681
43 65 0.857328
43 66 0.499737
43 67 0.628542
43 68 0.557555
43 69 0.120829
43 70 0.449378
44 45 0.577576
44 46 0.614182
44 47 0.423574
44 48 0.500101
44 49 0.524311
44 50 0.524181
44 51 0.813780
44 52 0.481878
44 53 0.550461
44 54 0.461245
44 55 0.638449
44 56 0.550692
44 57 0.414458
44 58 0.573592
44 59 0.516840
44 60 0.566903
44 61 0.721586
44 62 0.318317
44 63 0.509501
44 64 0.650488
44 65 0.654271
44 66 0.653867
44 67 0.332627
44 68 0.432826
44 69 0.256162
44 70 0.451349
45 46 0.457636
45 47 0.599218
45 48 0.471499
45 49 0.639499
45 50 0.337506
45 51 0.661918
45 52 0.336492
45 53 0.452124
45 54 0.616956
45 55 0.532066
45 56 0.477103
45 57 0.552792
45 58 0.587980
45 59 0.466117
45 60 0.648073
45 61 0.547883
45 62 0.231617
45 63 0.627833
45 64 0.494515
45 65 0.784151
45 66 0.387249
45 67 0.558855
45 68 0.416802
45 69 0.024332
45 70 0.415057
46 47 0.303602
46 48 0.454982
46 49 0.545675
46 50 0.576374
46 51 0.576634
46 52 0.629224
46 53 0.527224
46 54 0.293154
46 55 0.376991
46 56 0.302974
46 57 0.506636
46 58 0.501064
46 59 0.548450
46 60 0.541946
46 61 0.677567
46 62 0.518660
46 63 0.382208
46 64 0.605472
46 65 0.440908
46 66 0.531842
46 67 0.166290
46 68 0.186039
46 69 0.164025
46 70 0.500753
47 48 0.423983
47 49 0.828135
47 50 0.219408
47 51 0.518151
47 52 0.391912
47 53 0.357970
47 54 0.458830
47 55 0.442649
47 56 0.370883
47 57 0.756338
47 58 0.503977
47 59 0.378038
47 60 0.535071
47 61 0.511005
47 62 0.182739
47 63 0.501052
47 64 0.338815
47 65 0.757725
47 66 0.348437
47 67 0.526716
47 68 0.578346
47 69 0.134907
47 70 0.271036
48 49 0.399235
48 50 0.670227
48 51 0.582610
48 52 0.394664
48 53 0.509338
48 54 0.419507
48 55 0.642509
48 56 0.625936
48 57 0.304429
48 58 0.473023
48 59 0.512014
48 60 0.482504
48 61 0.444417
48 62 0.603194
48 63 0.601420
48 64 0.599472
48 65 0.485734
48 66 0.584401
48 67 0.488436
48 68 0.394206
48 69 0.420910
48 70 0.528009
49 50 0.204330
49 51 0.491941
49 52 0.558532
49 53 0.446217
49 54 0.566904
49 55 0.411576
49 56 0.419261
49 57 0.899319
49 58 0.639986
49 59 0.502164
49 60 0.658899
49 61 0.728823
49 62 0.167280
49 63 0.618538
49 64 0.419182
49 65 0.799337
49 66 0.404540
49 67 0.480072
49 68 0.502438
49 69 0.219727
49 70 0.349139
50 51 0.602632
50 52 0.408199
50 53 0.514573
50 54 0.196584
50 55 0.558618
50 56 0.408330
50 57 0.068916
50 58 0.480588
50 59 0.453321
50 60 0.473517
50 61 0.333657
50 62 0.790377
50 63 0.323548
50 64 0.648232
50 65 0.302448
50 66 0.546566
50 67 0.263172
50 68 0.327378
50 69 0.429951
50 70 0.512767
51 52 0.458952
51 53 0.587706
51 54 0.408198
51 55 0.741280
51 56 0.556260
51 57 0.395510
51 58 0.634666
51 59 0.603420
51 60 0.628816
51 61 0.551398
51 62 0.468109
51 63 0.443449
51 64 0.700107
51 65 0.563692
51 66 0.735281
51 67 0.359102
51 68 0.416257
51 69 0.416965
51 70 0.557822
52 53 0.424516
52 54 0.289220
52 55 0.329345
52 56 0.300417
52 57 0.500150
52 58 0.490150
52 59 0.400547
52 60 0.483430
52 61 0.526088
52 62 0.337765
52 63 0.311206
52 64 0.492442
52 65 0.429609
52 66 0.402211
52 67 0.157995
52 68 0.309228
52 69 0.105156
52 70 0.312248
53 54 0.561782
53 55 0.533259
53 56 0.525154
53 57 0.313384
53 58 0.755772
53 59 0.780335
53 60 0.825099
53 61 0.516417
53 62 0.533491
53 63 0.510795
53 64 0.633159
53 65 0.457005
53 66 0.603556
53 67 0.499000
53 68 0.321686
53 69 0.076070
53 70 0.732757
54 55 0.506559
54 56 0.803239
54 57 0.408849
54 58 0.610122
54 59 0.513641
54 60 0.714004
54 61 0.479824
54 62 0.133374
54 63 0.772788
54 64 0.425665
54 65 0.718218
54 66 0.455398
54 67 0.698328
54 68 0.350291
54 69 0.206823
54 70 0.450920
55 56 0.723537
55 57 0.203875
55 58 0.550578
55 59 0.471249
55 60 0.581298
55 61 0.328735
55 62 0.449106
55 63 0.581456
55 64 0.808979
55 65 0.536434
55 66 0.576357
55 67 0.380757
55 68 0.399192
55 69 0.292928
55 70 0.526933
56 57 0.243315
56 58 0.598396
56 59 0.573170
56 60 0.635893
56 61 0.381495
56 62 0.329904
56 63 0.739654
56 64 0.595499
56 65 0.548149
56 66 0.639582
56 67 0.584285
56 68 0.341573
56 69 0.101403
56 70 0.499595
57 58 0.442410
57 59 0.356101
57 60 0.469086
57 61 0.678340
57 62 0.055960
57 63 0.484170
57 64 0.225122
57 65 0.662792
57 66 0.304645
57 67 0.309533
57 68 0.411781
57 69 0.142304
57 70 0.191574
58 59 0.819883
58 60 0.940007
58 61 0.606040
58 62 0.462218
58 63 0.658793
58 64 0.598835
58 65 0.618168
58 66 0.606965
58 67 0.579817
58 68 0.366970
58 69 0.093496
58 70 0.695013
59 60 0.811450
59 61 0.611188
59 62 0.487739
59 63 0.541483
59 64 0.628548
59 65 0.438055
59 66 0.707129
59 67 0.538934
59 68 0.244127
59 69 0.013288
59 70 0.732541
60 61 0.598945
60 62 0.464591
60 63 0.676473
60 64 0.640171
60 65 0.682768
60 66 0.584945
60 67 0.629824
60 68 0.360614
60 69 0.120994
60 70 0.702426
61 62 0.275688
61 63 0.603799
61 64 0.482241
61 65 0.754121
61 66 0.557746
61 67 0.455392
61 68 0.294006
61 69 0.022284
61 70 0.414944
62 63 0.289990
62 64 0.579815
62 65 0.203506
62 66 0.459424
62 67 0.204991
62 68 0.233294
62 69 0.341987
62 70 0.542430
63 64 0.557945
63 65 0.748726
63 66 0.425910
63 67 0.657748
63 68 0.401240
63 69 0.092405
63 70 0.447526
64 65 0.472026
64 66 0.583267
64 67 0.284208
64 68 0.286592
64 69 0.256686
64 70 0.590391
65 66 0.394139
65 67 0.676644
65 68 0.523506
65 69 0.166363
65 70 0.344093
66 67 0.455863
66 68 0.232384
66 69 0.362469
66 70 0.732798
67 68 0.359605
67 69 0.123844
67 70 0.463283
68 69 0.109019
68 70 0.188307
69 70 0.144934
