1 2 0.650466
1 3 0.785357
1 4 0.735310
1 5 0.730981
1 6 0.393440
1 7 0.633281
1 8 0.794422
1 9 0.718885
1 10 0.649217
1 11 0.729974
1 12 0.577486
1 13 0.747360
1 14 0.634470
1 15 0.693843
1 16 0.719626
1 17 0.799449
1 18 0.746131
1 19 0.827623
1 20 0.719295
1 21 0.772671
1 22 0.350218
1 23 0.560788
1 24 0.707214
1 25 0.599763
1 26 0.608348
1 27 0.741381
1 28 0.556415
1 29 0.788851
1 30 0.608117
1 31 0.673275
1 32 0.682120
1 33 0.522688
1 34 0.466698
1 35 0.646286
1 36 0.930230
1 37 0.570161
1 38 0.734260
1 39 0.643352
1 40 0.540740
1 41 0.325823
1 42 0.594554
1 43 0.806917
1 44 0.656440
1 45 0.668956
1 46 0.750381
1 47 0.526443
1 48 0.810174
1 49 0.686298
1 50 0.709381
1 51 0.488142
1 52 0.783423
1 53 0.610012
1 54 0.657575
1 55 0.625261
1 56 0.513096
1 57 0.381850
1 58 0.549926
1 59 0.703170
1 60 0.628957
1 61 0.593622
1 62 0.639278
1 63 0.640533
1 64 0.634714
1 65 0.683208
1 66 0.664427
1 67 0.477360
1 68 0.351914
1 69 0.508745
1 70 0.689058
2 3 0.652497
2 4 0.721827
2 5 0.609494
2 6 0.624386
2 7 0.367785
2 8 0.711787
2 9 0.812921
2 10 0.785826
2 11 0.723361
2 12 0.659040
2 13 0.731468
2 14 0.541009
2 15 0.544472
2 16 0.878453
2 17 0.540068
2 18 0.830863
2 19 0.723272
2 20 0.720417
2 21 0.749707
2 22 0.499304
2 23 0.592408
2 24 0.630509
2 25 0.611365
2 26 0.760425
2 27 0.443749
2 28 0.706252
2 29 0.710922
2 30 0.706747
2 31 0.867734
2 32 0.834933
2 33 0.503581
2 34 0.502832
2 35 0.649107
2 36 0.630044
2 37 0.887522
2 38 0.716556
2 39 0.549787
2 40 0.197078
2 41 0.657772
2 42 0.416524
2 43 0.768393
2 44 0.788386
2 45 0.667174
2 46 0.563475
2 47 0.790335
2 48 0.671131
2 49 0.711224
2 50 0.484751
2 51 0.745854
2 52 0.495510
2 53 0.759336
2 54 0.544778
2 55 0.611670
2 56 0.567843
2 57 0.588666
2 58 0.612382
2 59 0.748542
2 60 0.615055
2 61 0.589872
2 62 0.427864
2 63 0.582451
2 64 0.578807
2 65 0.667277
2 66 0.815039
2 67 0.467825
2 68 0.253229
2 69 0.506297
2 70 0.671235
3 4 0.697113
3 5 0.791459
3 6 0.236114
3 7 0.469614
3 8 0.673136
3 9 0.656530
3 10 0.634727
3 11 0.528813
3 12 0.384310
3 13 0.665742
3 14 0.362170
3 15 0.609054
3 16 0.637997
3 17 0.634536
3 18 0.662062
3 19 0.791416
3 20 0.610584
3 21 0.780460
3 22 0.200300
3 23 0.312426
3 24 0.693398
3 25 0.356231
3 26 0.509386
3 27 0.674394
3 28 0.689620
3 29 0.702734
3 30 0.526563
3 31 0.574409
3 32 0.606257
3 33 0.429874
3 34 0.466130
3 35 0.443679
3 36 0.755365
3 37 0.588305
3 38 0.743366
3 39 0.605943
3 40 0.658538
3 41 0.187160
3 42 0.517589
3 43 0.675332
3 44 0.611700
3 45 0.620288
3 46 0.562483
3 47 0.379733
3 48 0.825054
3 49 0.468881
3 50 0.617506
3 51 0.422143
3 52 0.704554
3 53 0.547616
3 54 0.703130
3 55 0.532035
3 56 0.494875
3 57 0.273971
3 58 0.427573
3 59 0.664561
3 60 0.519112
3 61 0.596401
3 62 0.634596
3 63 0.793532
3 64 0.619760
3 65 0.658482
3 66 0.587136
3 67 0.415354
3 68 0.227649
3 69 0.451655
3 70 0.588136
4 5 0.687480
4 6 0.429948
4 7 0.458671
4 8 0.768177
4 9 0.841545
4 10 0.701145
4 11 0.782622
4 12 0.582488
4 13 0.729341
4 14 0.624976
4 15 0.717891
4 16 0.835149
4 17 0.662449
4 18 0.743042
4 19 0.749332
4 20 0.807712
4 21 0.726063
4 22 0.394688
4 23 0.548671
4 24 0.742103
4 25 0.640106
4 26 0.757512
4 27 0.581486
4 28 0.732042
4 29 0.807873
4 30 0.592764
4 31 0.739353
4 32 0.643185
4 33 0.674813
4 34 0.506050
4 35 0.584387
4 36 0.704939
4 37 0.675460
4 38 0.614009
4 39 0.844972
4 40 0.491661
4 41 0.387733
4 42 0.603261
4 43 0.783129
4 44 0.854978
4 45 0.849956
4 46 0.791092
4 47 0.562759
4 48 0.769503
4 49 0.703702
4 50 0.663766
4 51 0.732909
4 52 0.698976
4 53 0.649686
4 54 0.575719
4 55 0.740379
4 56 0.499287
4 57 0.453066
4 58 0.563324
4 59 0.682421
4 60 0.572200
4 61 0.727081
4 62 0.576257
4 63 0.671851
4 64 0.790915
4 65 0.728488
4 66 0.740422
4 67 0.284543
4 68 0.503095
4 69 0.541242
4 70 0.728727
5 6 0.322582
5 7 0.383988
5 8 0.591481
5 9 0.582759
5 10 0.584201
5 11 0.596900
5 12 0.378617
5 13 0.651157
5 14 0.442873
5 15 0.516871
5 16 0.600088
5 17 0.472709
5 18 0.565789
5 19 0.669472
5 20 0.584982
5 21 0.709106
5 22 0.287460
5 23 0.300648
5 24 0.781952
5 25 0.383081
5 26 0.458964
5 27 0.563854
5 28 0.612222
5 29 0.622195
5 30 0.442257
5 31 0.545076
5 32 0.459855
5 33 0.401514
5 34 0.375167
5 35 0.467312
5 36 0.672495
5 37 0.500638
5 38 0.640274
5 39 0.557977
5 40 0.660579
5 41 0.273436
5 42 0.451010
5 43 0.630678
5 44 0.506426
5 45 0.560553
5 46 0.592418
5 47 0.405373
5 48 0.742370
5 49 0.520430
5 50 0.498233
5 51 0.423581
5 52 0.543493
5 53 0.424343
5 54 0.591526
5 55 0.504389
5 56 0.412450
5 57 0.303403
5 58 0.320584
5 59 0.637979
5 60 0.421110
5 61 0.452498
5 62 0.519820
5 63 0.640518
5 64 0.545730
5 65 0.520332
5 66 0.490589
5 67 0.251733
5 68 0.191127
5 69 0.381959
5 70 0.605180
6 7 0.056735
6 8 0.507168
6 9 0.678970
6 10 0.509837
6 11 0.701804
6 12 0.857667
6 13 0.382651
6 14 0.736390
6 15 0.269247
6 16 0.527574
6 17 0.321480
6 18 0.600041
6 19 0.459143
6 20 0.404278
6 21 0.466778
6 22 0.948429
6 23 0.308065
6 24 0.378920
6 25 0.316819
6 26 0.785825
6 27 0.101484
6 28 0.254680
6 29 0.306445
6 30 0.686155
6 31 0.582822
6 32 0.533737
6 33 0.280645
6 34 0.208026
6 35 0.525489
6 36 0.261943
6 37 0.553043
6 38 0.290141
6 39 0.332762
6 40 0.213604
6 41 0.964748
6 42 0.129837
6 43 0.619262
6 44 0.536420
6 45 0.370643
6 46 0.447431
6 47 0.836025
6 48 0.353209
6 49 0.818779
6 50 0.180662
6 51 0.406808
6 52 0.219631
6 53 0.532423
6 54 0.223505
6 55 0.372041
6 56 0.336302
6 57 0.950210
6 58 0.282063
6 59 0.419321
6 60 0.248692
6 61 0.504050
6 62 0.072618
6 63 0.235465
6 64 0.223377
6 65 0.473491
6 66 0.478874
6 67 0.146006
6 68 0.061032
6 69 0.295813
6 70 0.494367
7 8 0.424471
7 9 0.386312
7 10 0.398665
7 11 0.438575
7 12 0.207121
7 13 0.446206
7 14 0.321987
7 15 0.439968
7 16 0.485734
7 17 0.782383
7 18 0.519811
7 19 0.572243
7 20 0.586938
7 21 0.515662
7 22 0.003438
7 23 0.418095
7 24 0.465442
7 25 0.460705
7 26 0.265254
7 27 0.511747
7 28 0.325854
7 29 0.608785
7 30 0.224460
7 31 0.478197
7 32 0.427048
7 33 0.362078
7 34 0.508386
7 35 0.404119
7 36 0.631919
7 37 0.436179
7 38 0.399362
7 39 0.456254
7 40 0.211344
7 41 0.036068
7 42 0.601473
7 43 0.361724
7 44 0.427942
7 45 0.469319
7 46 0.458441
7 47 0.186276
7 48 0.525147
7 49 0.292912
7 50 0.461793
7 51 0.432972
7 52 0.676773
7 53 0.467354
7 54 0.486331
7 55 0.540637
7 56 0.543767
7 57 0.046606
7 58 0.429539
7 59 0.415607
7 60 0.469122
7 61 0.249495
7 62 0.340789
7 63 0.409241
7 64 0.495211
7 65 0.322412
7 66 0.484272
7 67 0.307556
7 68 0.440033
7 69 0.518437
7 70 0.312338
8 9 0.782800
8 10 0.801342
8 11 0.695214
8 12 0.762966
8 13 0.721861
8 14 0.736643
8 15 0.678893
8 16 0.770362
8 17 0.703437
8 18 0.683732
8 19 0.723031
8 20 0.689270
8 21 0.666691
8 22 0.482335
8 23 0.553109
8 24 0.629701
8 25 0.598678
8 26 0.691735
8 27 0.589522
8 28 0.552961
8 29 0.700618
8 30 0.664152
8 31 0.705431
8 32 0.659670
8 33 0.550735
8 34 0.467148
8 35 0.522417
8 36 0.762973
8 37 0.664961
8 38 0.642740
8 39 0.668626
8 40 0.409959
8 41 0.484462
8 42 0.563597
8 43 0.936698
8 44 0.715658
8 45 0.754304
8 46 0.660990
8 47 0.719077
8 48 0.738197
8 49 0.832648
8 50 0.676172
8 51 0.623007
8 52 0.712763
8 53 0.611530
8 54 0.581249
8 55 0.627452
8 56 0.419751
8 57 0.549356
8 58 0.593882
8 59 0.628377
8 60 0.651503
8 61 0.647919
8 62 0.516100
8 63 0.607325
8 64 0.602134
8 65 0.765311
8 66 0.735862
8 67 0.490657
8 68 0.362164
8 69 0.533950
8 70 0.622695
9 10 0.813562
9 11 0.865109
9 12 0.767866
9 13 0.701604
9 14 0.714219
9 15 0.689868
9 16 0.866401
9 17 0.697896
9 18 0.800168
9 19 0.792118
9 20 0.761453
9 21 0.745365
9 22 0.618928
9 23 0.535133
9 24 0.726156
9 25 0.572100
9 26 0.898533
9 27 0.567384
9 28 0.622842
9 29 0.719017
9 30 0.805583
9 31 0.809178
9 32 0.730948
9 33 0.627389
9 34 0.446010
9 35 0.594868
9 36 0.623216
9 37 0.757761
9 38 0.576675
9 39 0.745653
9 40 0.206922
9 41 0.666418
9 42 0.482774
9 43 0.839492
9 44 0.872092
9 45 0.794064
9 46 0.771759
9 47 0.761121
9 48 0.717144
9 49 0.818415
9 50 0.642445
9 51 0.702533
9 52 0.626859
9 53 0.719867
9 54 0.570553
9 55 0.712648
9 56 0.537130
9 57 0.685863
9 58 0.551967
9 59 0.686357
9 60 0.539597
9 61 0.808685
9 62 0.523255
9 63 0.620855
9 64 0.651740
9 65 0.795787
9 66 0.752028
9 67 0.355525
9 68 0.369120
9 69 0.523795
9 70 0.667945
10 11 0.677760
10 12 0.684188
10 13 0.792527
10 14 0.521518
10 15 0.706199
10 16 0.890360
10 17 0.576825
10 18 0.663874
10 19 0.694596
10 20 0.777585
10 21 0.711354
10 22 0.426785
10 23 0.517946
10 24 0.647920
10 25 0.577040
10 26 0.684620
10 27 0.530740
10 28 0.584480
10 29 0.702710
10 30 0.617309
10 31 0.807212
10 32 0.629553
10 33 0.595520
10 34 0.607455
10 35 0.483503
10 36 0.601874
10 37 0.778060
10 38 0.554324
10 39 0.584544
10 40 0.265098
10 41 0.527784
10 42 0.603068
10 43 0.815352
10 44 0.713485
10 45 0.821627
10 46 0.583909
10 47 0.744406
10 48 0.703183
10 49 0.682722
10 50 0.684826
10 51 0.785951
10 52 0.565691
10 53 0.603644
10 54 0.515996
10 55 0.685318
10 56 0.507104
10 57 0.498802
10 58 0.529140
10 59 0.623626
10 60 0.527819
10 61 0.574713
10 62 0.473288
10 63 0.543191
10 64 0.599053
10 65 0.627471
10 66 0.796204
10 67 0.361796
10 68 0.449844
10 69 0.645948
10 70 0.557020
11 12 0.764909
11 13 0.660654
11 14 0.780003
11 15 0.650471
11 16 0.802341
11 17 0.642550
11 18 0.808335
11 19 0.647148
11 20 0.730826
11 21 0.688433
11 22 0.626675
11 23 0.535687
11 24 0.781223
11 25 0.529300
11 26 0.862636
11 27 0.581518
11 28 0.559815
11 29 0.722439
11 30 0.630692
11 31 0.790987
11 32 0.626459
11 33 0.579620
11 34 0.407632
11 35 0.691455
11 36 0.609453
11 37 0.694495
11 38 0.553447
11 39 0.668511
11 40 0.130657
11 41 0.662237
11 42 0.476868
11 43 0.754109
11 44 0.800565
11 45 0.711881
11 46 0.899562
11 47 0.712463
11 48 0.679981
11 49 0.812543
11 50 0.638749
11 51 0.679306
11 52 0.593658
11 53 0.699945
11 54 0.423850
11 55 0.685242
11 56 0.441844
11 57 0.666806
11 58 0.471724
11 59 0.702618
11 60 0.434896
11 61 0.679269
11 62 0.552656
11 63 0.502488
11 64 0.646536
11 65 0.619023
11 66 0.700486
11 67 0.232915
11 68 0.366405
11 69 0.503462
11 70 0.654864
12 13 0.571614
12 14 0.796405
12 15 0.482647
12 16 0.681585
12 17 0.504513
12 18 0.652779
12 19 0.567464
12 20 0.571365
12 21 0.569292
12 22 0.850995
12 23 0.458892
12 24 0.506693
12 25 0.481547
12 26 0.816145
12 27 0.286579
12 28 0.360732
12 29 0.499135
12 30 0.698782
12 31 0.682091
12 32 0.569211
12 33 0.471887
12 34 0.352179
12 35 0.551660
12 36 0.467426
12 37 0.628830
12 38 0.410966
12 39 0.506779
12 40 0.012212
12 41 0.808333
12 42 0.317867
12 43 0.807891
12 44 0.646261
12 45 0.582634
12 46 0.592261
12 47 0.897911
12 48 0.528478
12 49 0.883771
12 50 0.432895
12 51 0.553070
12 52 0.416248
12 53 0.589974
12 54 0.375579
12 55 0.544185
12 56 0.406318
12 57 0.869868
12 58 0.424951
12 59 0.483882
12 60 0.411819
12 61 0.569754
12 62 0.246254
12 63 0.369813
12 64 0.407243
12 65 0.579234
12 66 0.626480
12 67 0.274382
12 68 0.250884
12 69 0.440235
12 70 0.537138
13 14 0.454410
13 15 0.794530
13 16 0.830864
13 17 0.604502
13 18 0.654617
13 19 0.697817
13 20 0.864299
13 21 0.802229
13 22 0.263411
13 23 0.583443
13 24 0.715625
13 25 0.648769
13 26 0.612843
13 27 0.662657
13 28 0.708542
13 29 0.818900
13 30 0.454231
13 31 0.839181
13 32 0.613933
13 33 0.701913
13 34 0.626227
13 35 0.586095
13 36 0.754159
13 37 0.742966
13 38 0.644292
13 39 0.578593
13 40 0.460467
13 41 0.358103
13 42 0.610920
13 43 0.736489
13 44 0.665162
13 45 0.796079
13 46 0.603767
13 47 0.607390
13 48 0.851856
13 49 0.588660
13 50 0.745432
13 51 0.720532
13 52 0.574612
13 53 0.554291
13 54 0.600228
13 55 0.696599
13 56 0.545265
13 57 0.337919
13 58 0.599859
13 59 0.670744
13 60 0.583140
13 61 0.492884
13 62 0.604304
13 63 0.604291
13 64 0.667634
13 65 0.529528
13 66 0.811220
13 67 0.394008
13 68 0.552240
13 69 0.619747
13 70 0.659048
14 15 0.408624
14 16 0.575983
14 17 0.566259
14 18 0.671878
14 19 0.598334
14 20 0.531173
14 21 0.535467
14 22 0.722931
14 23 0.552690
14 24 0.548843
14 25 0.551092
14 26 0.707914
14 27 0.379354
14 28 0.342788
14 29 0.499992
14 30 0.641037
14 31 0.601795
14 32 0.608489
14 33 0.328107
14 34 0.176894
14 35 0.618627
14 36 0.562001
14 37 0.475092
14 38 0.433121
14 39 0.485888
14 40 0.049339
14 41 0.698124
14 42 0.307679
14 43 0.799028
14 44 0.546352
14 45 0.488209
14 46 0.640898
14 47 0.692595
14 48 0.428057
14 49 0.928718
14 50 0.368821
14 51 0.416919
14 52 0.481504
14 53 0.582509
14 54 0.341348
14 55 0.448985
14 56 0.250890
14 57 0.726775
14 58 0.535949
14 59 0.497822
14 60 0.524403
14 61 0.556305
14 62 0.241139
14 63 0.312881
14 64 0.338594
14 65 0.611201
14 66 0.556721
14 67 0.375095
14 68 0.101953
14 69 0.280002
14 70 0.620889
15 16 0.730162
15 17 0.663619
15 18 0.544372
15 19 0.619882
15 20 0.775653
15 21 0.618904
15 22 0.178153
15 23 0.442153
15 24 0.620951
15 25 0.500014
15 26 0.619482
15 27 0.730949
15 28 0.508757
15 29 0.752941
15 30 0.406983
15 31 0.680152
15 32 0.477777
15 33 0.819679
15 34 0.595098
15 35 0.365201
15 36 0.674012
15 37 0.602610
15 38 0.545254
15 39 0.632758
15 40 0.519153
15 41 0.213652
15 42 0.710663
15 43 0.650760
15 44 0.694206
15 45 0.808304
15 46 0.706277
15 47 0.420743
15 48 0.787167
15 49 0.504603
15 50 0.915277
15 51 0.665867
15 52 0.732299
15 53 0.480486
15 54 0.478334
15 55 0.700245
15 56 0.457057
15 57 0.253970
15 58 0.492634
15 59 0.576092
15 60 0.457737
15 61 0.600515
15 62 0.668133
15 63 0.521855
15 64 0.722898
15 65 0.551305
15 66 0.723806
15 67 0.286959
15 68 0.599189
15 69 0.644937
15 70 0.518681
16 17 0.620994
16 18 0.805480
16 19 0.775158
16 20 0.874753
16 21 0.809918
16 22 0.418693
16 23 0.705443
16 24 0.745301
16 25 0.744154
16 26 0.748058
16 27 0.557282
16 28 0.700709
16 29 0.839863
16 30 0.608891
16 31 0.918520
16 32 0.762978
16 33 0.702611
16 34 0.606822
16 35 0.695152
16 36 0.692681
16 37 0.853038
16 38 0.675522
16 39 0.699864
16 40 0.245244
16 41 0.542160
16 42 0.597435
16 43 0.804157
16 44 0.859591
16 45 0.882896
16 46 0.696553
16 47 0.748923
16 48 0.751912
16 49 0.715763
16 50 0.679722
16 51 0.892620
16 52 0.581470
16 53 0.760499
16 54 0.591718
16 55 0.810878
16 56 0.631331
16 57 0.486847
16 58 0.676516
16 59 0.774751
16 60 0.644667
16 61 0.562555
16 62 0.528486
16 63 0.596258
16 64 0.731333
16 65 0.648330
16 66 0.889314
16 67 0.423354
16 68 0.509455
16 69 0.638544
16 70 0.731255
17 18 0.691592
17 19 0.707201
17 20 0.676446
17 21 0.619071
17 22 0.289680
17 23 0.478524
17 24 0.578911
17 25 0.523199
17 26 0.605439
17 27 0.724505
17 28 0.476275
17 29 0.706595
17 30 0.551225
17 31 0.596840
17 32 0.616400
17 33 0.531748
17 34 0.435482
17 35 0.441983
17 36 0.737238
17 37 0.537826
17 38 0.516541
17 39 0.593373
17 40 0.331285
17 41 0.288941
17 42 0.590979
17 43 0.656041
17 44 0.628639
17 45 0.583176
17 46 0.666169
17 47 0.432764
17 48 0.677465
17 49 0.607859
17 50 0.651501
17 51 0.463808
17 52 0.839275
17 53 0.590757
17 54 0.548850
17 55 0.583650
17 56 0.506747
17 57 0.362266
17 58 0.496173
17 59 0.540051
17 60 0.516820
17 61 0.631666
17 62 0.574270
17 63 0.539189
17 64 0.586245
17 65 0.607825
17 66 0.597610
17 67 0.404831
17 68 0.421858
17 69 0.472689
17 70 0.442489
18 19 0.792240
18 20 0.707955
18 21 0.782876
18 22 0.492241
18 23 0.677019
18 24 0.678492
18 25 0.668339
18 26 0.747578
18 27 0.579496
18 28 0.746005
18 29 0.810639
18 30 0.695487
18 31 0.805687
18 32 0.869422
18 33 0.428697
18 34 0.366342
18 35 0.734705
18 36 0.699756
18 37 0.778902
18 38 0.756823
18 39 0.615355
18 40 0.200720
18 41 0.613001
18 42 0.434962
18 43 0.765475
18 44 0.793812
18 45 0.642028
18 46 0.707266
18 47 0.702218
18 48 0.666006
18 49 0.748247
18 50 0.559248
18 51 0.638273
18 52 0.587585
18 53 0.921592
18 54 0.554891
18 55 0.620181
18 56 0.532419
18 57 0.580634
18 58 0.655895
18 59 0.787770
18 60 0.642319
18 61 0.612195
18 62 0.533843
18 63 0.643806
18 64 0.667652
18 65 0.675298
18 66 0.769867
18 67 0.502500
18 68 0.191639
18 69 0.396557
18 70 0.696004
19 20 0.723302
19 21 0.850254
19 22 0.402547
19 23 0.634762
19 24 0.676862
19 25 0.681016
19 26 0.612592
19 27 0.590925
19 28 0.633301
19 29 0.738389
19 30 0.731084
19 31 0.737272
19 32 0.809908
19 33 0.472726
19 34 0.409963
19 35 0.688919
19 36 0.825253
19 37 0.677370
19 38 0.768892
19 39 0.682618
19 40 0.400763
19 41 0.436532
19 42 0.514233
19 43 0.776238
19 44 0.725626
19 45 0.725087
19 46 0.589791
19 47 0.568780
19 48 0.760712
19 49 0.678720
19 50 0.619997
19 51 0.555527
19 52 0.655402
19 53 0.720490
19 54 0.822746
19 55 0.664556
19 56 0.646055
19 57 0.446434
19 58 0.655123
19 59 0.755640
19 60 0.731071
19 61 0.590751
19 62 0.476183
19 63 0.735437
19 64 0.598585
19 65 0.783719
19 66 0.736461
19 67 0.610443
19 68 0.279495
19 69 0.461131
19 70 0.758185
20 21 0.817531
20 22 0.316290
20 23 0.620223
20 24 0.670598
20 25 0.686615
20 26 0.671450
20 27 0.591370
20 28 0.651762
20 29 0.854716
20 30 0.484701
20 31 0.849400
20 32 0.637342
20 33 0.745145
20 34 0.707428
20 35 0.573369
20 36 0.716174
20 37 0.735659
20 38 0.563190
20 39 0.653655
20 40 0.331800
20 41 0.368021
20 42 0.743498
20 43 0.706317
20 44 0.731374
20 45 0.854166
20 46 0.678652
20 47 0.545620
20 48 0.769486
20 49 0.608729
20 50 0.686370
20 51 0.808171
20 52 0.652470
20 53 0.650503
20 54 0.594518
20 55 0.856572
20 56 0.652839
20 57 0.390034
20 58 0.627704
20 59 0.639657
20 60 0.602887
20 61 0.545863
20 62 0.480594
20 63 0.564762
20 64 0.716053
20 65 0.567795
20 66 0.823855
20 67 0.351935
20 68 0.656637
20 69 0.725047
20 70 0.640527
21 22 0.385041
21 23 0.605155
21 24 0.775321
21 25 0.620273
21 26 0.611714
21 27 0.603325
21 28 0.738885
21 29 0.806333
21 30 0.559807
21 31 0.808341
21 32 0.738710
21 33 0.562745
21 34 0.509621
21 35 0.686304
21 36 0.752510
21 37 0.733915
21 38 0.747545
21 39 0.603970
21 40 0.351719
21 41 0.434506
21 42 0.523359
21 43 0.730016
21 44 0.674723
21 45 0.725175
21 46 0.569838
21 47 0.571034
21 48 0.778083
21 49 0.623347
21 50 0.573892
21 51 0.625144
21 52 0.577916
21 53 0.706005
21 54 0.761696
21 55 0.702758
21 56 0.654014
21 57 0.432796
21 58 0.623080
21 59 0.746931
21 60 0.651077
21 61 0.490672
21 62 0.499769
21 63 0.737234
21 64 0.619468
21 65 0.620351
21 66 0.746191
21 67 0.515462
21 68 0.337534
21 69 0.508458
21 70 0.740278
22 23 0.220614
22 24 0.307053
22 25 0.223129
22 26 0.722167
22 27 0.019647
22 28 0.155223
22 29 0.194789
22 30 0.672652
22 31 0.458463
22 32 0.408200
22 33 0.212742
22 34 0.144038
22 35 0.444382
22 36 0.213184
22 37 0.418324
22 38 0.205916
22 39 0.325554
22 40 0.192825
22 41 0.882284
22 42 0.090186
22 43 0.562479
22 44 0.437145
22 45 0.315271
22 46 0.406293
22 47 0.756501
22 48 0.277904
22 49 0.776730
22 50 0.103697
22 51 0.281857
22 52 0.223788
22 53 0.426511
22 54 0.222432
22 55 0.304448
22 56 0.253827
22 57 0.957439
22 58 0.187523
22 59 0.321093
22 60 0.183676
22 61 0.509379
22 62 0.001149
22 63 0.220806
22 64 0.143223
22 65 0.487471
22 66 0.361269
22 67 0.092739
22 68 0.027558
22 69 0.232865
22 70 0.445255
23 24 0.509000
23 25 0.938555
23 26 0.397825
23 27 0.432355
23 28 0.508490
23 29 0.646453
23 30 0.448123
23 31 0.738561
23 32 0.775191
23 33 0.424159
23 34 0.233882
23 35 0.776709
23 36 0.657804
23 37 0.593816
23 38 0.683402
23 39 0.375675
23 40 0.086148
23 41 0.361644
23 42 0.278401
23 43 0.613235
23 44 0.535015
23 45 0.540074
23 46 0.438657
23 47 0.542260
23 48 0.451181
23 49 0.599093
23 50 0.434747
23 51 0.604621
23 52 0.346044
23 53 0.669227
23 54 0.497515
23 55 0.506824
23 56 0.417243
23 57 0.248633
23 58 0.902581
23 59 0.642303
23 60 0.817549
23 61 0.221869
23 62 0.312281
23 63 0.359430
23 64 0.415117
23 65 0.503132
23 66 0.760741
23 67 0.752941
23 68 0.268384
23 69 0.255622
23 70 0.727812
24 25 0.532050
24 26 0.550651
24 27 0.668962
24 28 0.673428
24 29 0.737032
24 30 0.401325
24 31 0.714187
24 32 0.520937
24 33 0.545958
24 34 0.379514
24 35 0.639924
24 36 0.656567
24 37 0.654497
24 38 0.650272
24 39 0.640219
24 40 0.400782
24 41 0.360785
24 42 0.424242
24 43 0.662675
24 44 0.668354
24 45 0.709746
24 46 0.725895
24 47 0.517922
24 48 0.757322
24 49 0.600713
24 50 0.644062
24 51 0.598936
24 52 0.512683
24 53 0.589214
24 54 0.612850
24 55 0.625098
24 56 0.430361
24 57 0.355283
24 58 0.490665
24 59 0.779774
24 60 0.497290
24 61 0.443422
24 62 0.643108
24 63 0.665688
24 64 0.648092
24 65 0.508388
24 66 0.655641
24 67 0.361247
24 68 0.313767
24 69 0.427011
24 70 0.686531
25 26 0.429421
25 27 0.430330
25 28 0.545889
25 29 0.696310
25 30 0.460036
25 31 0.742198
25 32 0.753886
25 33 0.533503
25 34 0.332061
25 35 0.726181
25 36 0.679177
25 37 0.613410
25 38 0.620806
25 39 0.464267
25 40 0.192390
25 41 0.360247
25 42 0.384938
25 43 0.654540
25 44 0.583819
25 45 0.605023
25 46 0.444289
25 47 0.571836
25 48 0.516882
25 49 0.624715
25 50 0.456626
25 51 0.669350
25 52 0.378338
25 53 0.639304
25 54 0.509678
25 55 0.582109
25 56 0.490212
25 57 0.261847
25 58 0.849970
25 59 0.617246
25 60 0.799405
25 61 0.257236
25 62 0.315127
25 63 0.376896
25 64 0.494452
25 65 0.500129
25 66 0.774954
25 67 0.653248
25 68 0.392250
25 69 0.355487
25 70 0.714621
26 27 0.440323
26 28 0.556050
26 29 0.625789
26 30 0.765865
26 31 0.742486
26 32 0.645587
26 33 0.576552
26 34 0.437478
26 35 0.507807
26 36 0.462841
26 37 0.681297
26 38 0.451034
26 39 0.635085
26 40 0.098373
26 41 0.741077
26 42 0.456661
26 43 0.757086
26 44 0.822459
26 45 0.666979
26 46 0.760345
26 47 0.752101
26 48 0.612022
26 49 0.808838
26 50 0.542865
26 51 0.651199
26 52 0.570585
26 53 0.628918
26 54 0.338237
26 55 0.609870
26 56 0.441082
26 57 0.789147
26 58 0.388191
26 59 0.538502
26 60 0.335310
26 61 0.849989
26 62 0.438512
26 63 0.462260
26 64 0.587613
26 65 0.669998
26 66 0.656954
26 67 0.141712
26 68 0.355860
26 69 0.516787
26 70 0.547392
27 28 0.580869
27 29 0.717602
27 30 0.388474
27 31 0.519887
27 32 0.518945
27 33 0.487232
27 34 0.276521
27 35 0.391123
27 36 0.719350
27 37 0.465778
27 38 0.599738
27 39 0.469413
27 40 0.538557
27 41 0.079874
27 42 0.453477
27 43 0.559295
27 44 0.508223
27 45 0.544733
27 46 0.670403
27 47 0.246196
27 48 0.699676
27 49 0.410140
27 50 0.776684
27 51 0.362229
27 52 0.668155
27 53 0.410662
27 54 0.468838
27 55 0.449815
27 56 0.306238
27 57 0.076772
27 58 0.416039
27 59 0.568888
27 60 0.407504
27 61 0.531206
27 62 0.886761
27 63 0.576966
27 64 0.591329
27 65 0.528840
27 66 0.511727
27 67 0.397749
27 68 0.340766
27 69 0.294521
27 70 0.391884
28 29 0.814427
28 30 0.396872
28 31 0.667185
28 32 0.674458
28 33 0.470347
28 34 0.324660
28 35 0.549227
28 36 0.572586
28 37 0.670640
28 38 0.699059
28 39 0.595449
28 40 0.443342
28 41 0.271232
28 42 0.388000
28 43 0.579184
28 44 0.679026
28 45 0.638632
28 46 0.533541
28 47 0.430695
28 48 0.654915
28 49 0.446016
28 50 0.517188
28 51 0.593242
28 52 0.408587
28 53 0.641022
28 54 0.550543
28 55 0.542990
28 56 0.477679
28 57 0.238874
28 58 0.484826
28 59 0.676428
28 60 0.477357
28 61 0.518742
28 62 0.611684
28 63 0.768734
28 64 0.720571
28 65 0.475891
28 66 0.630979
28 67 0.328647
28 68 0.270364
28 69 0.296345
28 70 0.574046
29 30 0.452578
29 31 0.792356
29 32 0.707768
29 33 0.690392
29 34 0.555030
29 35 0.632137
29 36 0.767495
29 37 0.725946
29 38 0.708182
29 39 0.716081
29 40 0.448897
29 41 0.271510
29 42 0.673727
29 43 0.703980
29 44 0.788122
29 45 0.811906
29 46 0.723572
29 47 0.495805
29 48 0.785399
29 49 0.564781
29 50 0.733566
29 51 0.749858
29 52 0.655174
29 53 0.736864
29 54 0.608314
29 55 0.803943
29 56 0.663928
29 57 0.272710
29 58 0.623643
29 59 0.746812
29 60 0.629457
29 61 0.540865
29 62 0.672808
29 63 0.709251
29 64 0.877875
29 65 0.549923
29 66 0.792900
29 67 0.398675
29 68 0.530342
29 69 0.586526
29 70 0.662116
30 31 0.589623
30 32 0.728232
30 33 0.281082
30 34 0.192814
30 35 0.470544
30 36 0.507480
30 37 0.562552
30 38 0.519196
30 39 0.516312
30 40 0.112213
30 41 0.678182
30 42 0.231415
30 43 0.753884
30 44 0.659656
30 45 0.487601
30 46 0.553020
30 47 0.691674
30 48 0.489439
30 49 0.759998
30 50 0.393490
30 51 0.404339
30 52 0.482846
30 53 0.588416
30 54 0.501616
30 55 0.443386
30 56 0.434972
30 57 0.707400
30 58 0.454477
30 59 0.512074
30 60 0.520638
30 61 0.771619
30 62 0.340820
30 63 0.464564
30 64 0.385966
30 65 0.871049
30 66 0.537150
30 67 0.455815
30 68 0.094345
30 69 0.282164
30 70 0.525978
31 32 0.765148
31 33 0.634431
31 34 0.623619
31 35 0.755797
31 36 0.678704
31 37 0.897515
31 38 0.696895
31 39 0.605443
31 40 0.146262
31 41 0.593924
31 42 0.568461
31 43 0.739364
31 44 0.795767
31 45 0.782271
31 46 0.643683
31 47 0.754941
31 48 0.739891
31 49 0.720536
31 50 0.643864
31 51 0.867052
31 52 0.556315
31 53 0.762982
31 54 0.584900
31 55 0.753413
31 56 0.619081
31 57 0.533573
31 58 0.729446
31 59 0.751258
31 60 0.680618
31 61 0.535732
31 62 0.464189
31 63 0.573205
31 64 0.651165
31 65 0.605439
31 66 0.942948
31 67 0.491634
31 68 0.473520
31 69 0.664197
31 70 0.771139
32 33 0.394579
32 34 0.245746
32 35 0.720647
32 36 0.704457
32 37 0.726278
32 38 0.774855
32 39 0.458065
32 40 0.170963
32 41 0.572911
32 42 0.294360
32 43 0.758411
32 44 0.706672
32 45 0.537283
32 46 0.500137
32 47 0.667826
32 48 0.572048
32 49 0.719787
32 50 0.442551
32 51 0.556250
32 52 0.487888
32 53 0.791202
32 54 0.557809
32 55 0.501988
32 56 0.528802
32 57 0.482862
32 58 0.759480
32 59 0.697648
32 60 0.733087
32 61 0.529935
32 62 0.430647
32 63 0.535903
32 64 0.497257
32 65 0.689443
32 66 0.753536
32 67 0.700661
32 68 0.094421
32 69 0.282120
32 70 0.691309
33 34 0.573567
33 35 0.387561
33 36 0.489937
33 37 0.539014
33 38 0.338107
33 39 0.624236
33 40 0.344411
33 41 0.214306
33 42 0.597936
33 43 0.524530
33 44 0.690927
33 45 0.749031
33 46 0.573263
33 47 0.428306
33 48 0.675294
33 49 0.439575
33 50 0.697667
33 51 0.708238
33 52 0.536930
33 53 0.412104
33 54 0.408939
33 55 0.732020
33 56 0.558163
33 57 0.261582
33 58 0.426847
33 59 0.485387
33 60 0.387490
33 61 0.456542
33 62 0.471284
33 63 0.416951
33 64 0.695779
33 65 0.397331
33 66 0.622022
33 67 0.161371
33 68 0.683486
33 69 0.623002
33 70 0.491997
34 35 0.270292
34 36 0.484073
34 37 0.601781
34 38 0.324859
34 39 0.419146
34 40 0.214123
34 41 0.159322
34 42 0.828739
34 43 0.414294
34 44 0.482627
34 45 0.658475
34 46 0.371701
34 47 0.366819
34 48 0.616904
34 49 0.287498
34 50 0.527288
34 51 0.692700
34 52 0.593314
34 53 0.352265
34 54 0.353435
34 55 0.651570
34 56 0.466418
34 57 0.241625
34 58 0.338778
34 59 0.377941
34 60 0.339285
34 61 0.344137
34 62 0.209781
34 63 0.340047
34 64 0.506490
34 65 0.283181
34 66 0.672902
34 67 0.067665
34 68 0.673435
34 69 0.922193
34 70 0.393321
35 36 0.665315
35 37 0.618189
35 38 0.690397
35 39 0.493908
35 40 0.058104
35 41 0.519156
35 42 0.256405
35 43 0.612091
35 44 0.614512
35 45 0.546144
35 46 0.539759
35 47 0.620911
35 48 0.563922
35 49 0.663956
35 50 0.425624
35 51 0.537380
35 52 0.349149
35 53 0.664287
35 54 0.573979
35 55 0.512727
35 56 0.465901
35 57 0.451890
35 58 0.668334
35 59 0.768172
35 60 0.648025
35 61 0.308342
35 62 0.360874
35 63 0.512128
35 64 0.478815
35 65 0.487841
35 66 0.692058
35 67 0.547808
35 68 0.219330
35 69 0.308969
35 70 0.859980
36 37 0.594751
36 38 0.813943
36 39 0.570196
36 40 0.560671
36 41 0.221519
36 42 0.585722
36 43 0.753179
36 44 0.584731
36 45 0.653453
36 46 0.614962
36 47 0.463368
36 48 0.804145
36 49 0.608426
36 50 0.695042
36 51 0.479092
36 52 0.740952
36 53 0.595078
36 54 0.715815
36 55 0.573773
36 56 0.475409
36 57 0.256002
36 58 0.690427
36 59 0.725071
36 60 0.764105
36 61 0.469064
36 62 0.577916
36 63 0.645034
36 64 0.574278
36 65 0.672122
36 66 0.731328
36 67 0.643841
36 68 0.348393
36 69 0.496053
36 70 0.733169
37 38 0.665524
37 39 0.567137
37 40 0.102377
37 41 0.594412
37 42 0.486422
37 43 0.670178
37 44 0.774731
37 45 0.715260
37 46 0.542233
37 47 0.739265
37 48 0.685645
37 49 0.630893
37 50 0.568134
37 51 0.813013
37 52 0.500369
37 53 0.770028
37 54 0.575448
37 55 0.662611
37 56 0.608301
37 57 0.531474
37 58 0.653250
37 59 0.705537
37 60 0.629045
37 61 0.505652
37 62 0.417736
37 63 0.612273
37 64 0.614808
37 65 0.585264
37 66 0.893444
37 67 0.469939
37 68 0.356719
37 69 0.589514
37 70 0.645212
38 39 0.470573
38 40 0.448384
38 41 0.306947
38 42 0.358720
38 43 0.664884
38 44 0.592777
38 45 0.545829
38 46 0.506034
38 47 0.505643
38 48 0.700069
38 49 0.531559
38 50 0.581654
38 51 0.504710
38 52 0.547318
38 53 0.684199
38 54 0.669228
38 55 0.477587
38 56 0.450032
38 57 0.265704
38 58 0.692024
38 59 0.835851
38 60 0.729464
38 61 0.414609
38 62 0.563717
38 63 0.681209
38 64 0.554096
38 65 0.624196
38 66 0.744108
38 67 0.689875
38 68 0.159475
38 69 0.318728
38 70 0.732001
39 40 0.448227
39 41 0.280844
39 42 0.538117
39 43 0.612088
39 44 0.869266
39 45 0.821713
39 46 0.733859
39 47 0.440933
39 48 0.723104
39 49 0.533293
39 50 0.666676
39 51 0.665372
39 52 0.617678
39 53 0.626795
39 54 0.665744
39 55 0.810155
39 56 0.636325
39 57 0.357336
39 58 0.402006
39 59 0.601434
39 60 0.505816
39 61 0.668467
39 62 0.513640
39 63 0.766740
39 64 0.870161
39 65 0.684649
39 66 0.592569
39 67 0.183466
39 68 0.492948
39 69 0.515909
39 70 0.629079
40 41 0.290942
40 42 0.414299
40 43 0.343061
40 44 0.262163
40 45 0.396864
40 46 0.335103
40 47 0.056243
40 48 0.602658
40 49 0.096346
40 50 0.527158
40 51 0.131153
40 52 0.501594
40 53 0.111474
40 54 0.427950
40 55 0.269795
40 56 0.176137
40 57 0.180428
40 58 0.167521
40 59 0.321441
40 60 0.287278
40 61 0.313702
40 62 0.550154
40 63 0.542818
40 64 0.486819
40 65 0.356580
40 66 0.217106
40 67 0.173981
40 68 0.214108
40 69 0.212214
40 70 0.322478
41 42 0.057529
41 43 0.601352
41 44 0.522109
41 45 0.326533
41 46 0.386545
41 47 0.863683
41 48 0.282423
41 49 0.804632
41 50 0.140677
41 51 0.437026
41 52 0.140167
41 53 0.570375
41 54 0.188012
41 55 0.328317
41 56 0.296457
41 57 0.913523
41 58 0.329622
41 59 0.439523
41 60 0.283735
41 61 0.443303
41 62 0.043047
41 63 0.193636
41 64 0.175895
41 65 0.447816
41 66 0.499643
41 67 0.208774
41 68 0.008697
41 69 0.228702
41 70 0.460690
42 43 0.490967
42 44 0.525272
42 45 0.748040
42 46 0.548194
42 47 0.249407
42 48 0.641093
42 49 0.345714
42 50 0.688396
42 51 0.658569
42 52 0.775129
42 53 0.407817
42 54 0.390356
42 55 0.689123
42 56 0.442218
42 57 0.170343
42 58 0.346650
42 59 0.405932
42 60 0.376134
42 61 0.472259
42 62 0.381120
42 63 0.419339
42 64 0.630249
42 65 0.389049
42 66 0.635944
42 67 0.087175
42 68 0.664381
42 69 0.880506
42 70 0.414280
43 44 0.726558
43 45 0.723403
43 46 0.687335
43 47 0.792961
43 48 0.695568
43 49 0.904645
43 50 0.626659
43 51 0.606279
43 52 0.639611
43 53 0.667704
43 54 0.528809
43 55 0.587235
43 56 0.396321
43 57 0.637234
43 58 0.636653
43 59 0.661772
43 60 0.661227
43 61 0.667374
43 62 0.485496
43 63 0.534162
43 64 0.550209
43 65 0.772452
43 66 0.742869
43 67 0.513333
43 68 0.262669
43 69 0.476622
43 70 0.699587
44 45 0.836547
44 46 0.777621
44 47 0.659909
44 48 0.743082
44 49 0.673557
44 50 0.688808
44 51 0.815354
44 52 0.603809
44 53 0.775054
44 54 0.579989
44 55 0.805809
44 56 0.669301
44 57 0.521657
44 58 0.538626
44 59 0.713794
44 60 0.553949
44 61 0.730539
44 62 0.564519
44 63 0.681835
44 64 0.852798
44 65 0.715680
44 66 0.773215
44 67 0.313673
44 68 0.456304
44 69 0.577146
44 70 0.684650
45 46 0.720483
45 47 0.552514
45 48 0.803061
45 49 0.585372
45 50 0.793581
45 51 0.837926
45 52 0.652090
45 53 0.625668
45 54 0.643308
45 55 0.854203
45 56 0.588470
45 57 0.370635
45 58 0.567654
45 59 0.676518
45 60 0.572737
45 61 0.607961
45 62 0.541244
45 63 0.682155
45 64 0.812475
45 65 0.663734
45 66 0.796069
45 67 0.291590
45 68 0.627866
45 69 0.729006
45 70 0.686292
46 47 0.485538
46 48 0.688391
46 49 0.658439
46 50 0.738669
46 51 0.598034
46 52 0.691142
46 53 0.594137
46 54 0.397238
46 55 0.666874
46 56 0.375230
46 57 0.447294
46 58 0.382218
46 59 0.604378
46 60 0.377790
46 61 0.726730
46 62 0.699838
46 63 0.529950
46 64 0.733203
46 65 0.625970
46 66 0.586334
46 67 0.154806
46 68 0.399247
46 69 0.480172
46 70 0.563980
47 48 0.519647
47 49 0.854754
47 50 0.384880
47 51 0.642113
47 52 0.326655
47 53 0.662326
47 54 0.354567
47 55 0.500022
47 56 0.406476
47 57 0.820473
47 58 0.522189
47 59 0.599945
47 60 0.497442
47 61 0.475031
47 62 0.228951
47 63 0.349511
47 64 0.384129
47 65 0.555877
47 66 0.709230
47 67 0.361595
47 68 0.206438
47 69 0.414448
47 70 0.586897
48 49 0.551200
48 50 0.798860
48 51 0.626209
48 52 0.725590
48 53 0.574754
48 54 0.739108
48 55 0.729911
48 56 0.606040
48 57 0.346301
48 58 0.518712
48 59 0.703687
48 60 0.573124
48 61 0.594198
48 62 0.668515
48 63 0.784567
48 64 0.759998
48 65 0.654398
48 66 0.742657
48 67 0.379591
48 68 0.488346
48 69 0.661093
48 70 0.679406
49 50 0.452798
49 51 0.543986
49 52 0.523009
49 53 0.653864
49 54 0.406726
49 55 0.508427
49 56 0.336866
49 57 0.821187
49 58 0.578514
49 59 0.597829
49 60 0.567088
49 61 0.629323
49 62 0.320976
49 63 0.393332
49 64 0.414438
49 65 0.694241
49 66 0.676845
49 67 0.432335
49 68 0.182714
49 69 0.376711
49 70 0.685668
50 51 0.622533
50 52 0.733404
50 53 0.507833
50 54 0.522184
50 55 0.665336
50 56 0.404385
50 57 0.191562
50 58 0.452256
50 59 0.628206
50 60 0.466304
50 61 0.593002
50 62 0.754274
50 63 0.603488
50 64 0.751917
50 65 0.575777
50 66 0.690536
50 67 0.328601
50 68 0.546696
50 69 0.619351
50 70 0.516954
51 52 0.487528
51 53 0.674849
51 54 0.431373
51 55 0.833261
51 56 0.629092
51 57 0.371312
51 58 0.593763
51 59 0.641510
51 60 0.551018
51 61 0.447036
51 62 0.371378
51 63 0.455418
51 64 0.742284
51 65 0.458657
51 66 0.864265
51 67 0.250108
51 68 0.645149
51 69 0.738434
51 70 0.599769
52 53 0.505718
52 54 0.497111
52 55 0.561210
52 56 0.377852
52 57 0.298893
52 58 0.428434
52 59 0.489410
52 60 0.466165
52 61 0.701787
52 62 0.572265
52 63 0.536381
52 64 0.602950
52 65 0.659161
52 66 0.609552
52 67 0.297792
52 68 0.436032
52 69 0.632863
52 70 0.473563
53 54 0.562199
53 55 0.651758
53 56 0.576648
53 57 0.532366
53 58 0.695958
53 59 0.753136
53 60 0.697956
53 61 0.474328
53 62 0.372311
53 63 0.605713
53 64 0.643794
53 65 0.610478
53 66 0.766956
53 67 0.533635
53 68 0.175913
53 69 0.400797
53 70 0.680917
54 55 0.648953
54 56 0.707864
54 57 0.233064
54 58 0.560172
54 59 0.662112
54 60 0.710521
54 61 0.387205
54 62 0.370325
54 63 0.859483
54 64 0.561137
54 65 0.676199
54 66 0.585544
54 67 0.631859
54 68 0.266658
54 69 0.378443
54 70 0.671625
55 56 0.818109
55 57 0.351340
55 58 0.499470
55 59 0.631138
55 60 0.553617
55 61 0.497291
55 62 0.420824
55 63 0.622203
55 64 0.847843
55 65 0.537371
55 66 0.739067
55 67 0.233996
55 68 0.674455
55 69 0.731814
55 70 0.602435
56 57 0.271476
56 58 0.426571
56 59 0.524547
56 60 0.531203
56 61 0.325325
56 62 0.265657
56 63 0.616736
56 64 0.683599
56 65 0.422416
56 66 0.586393
56 67 0.316392
56 68 0.478564
56 69 0.530768
56 70 0.500376
57 58 0.262886
57 59 0.386712
57 60 0.249910
57 61 0.575053
57 62 0.049029
57 63 0.257438
57 64 0.211620
57 65 0.528946
57 66 0.460640
57 67 0.147152
57 68 0.065736
57 69 0.320100
57 70 0.463233
58 59 0.624663
58 60 0.933176
58 61 0.257887
58 62 0.253330
58 63 0.417405
58 64 0.399775
58 65 0.593205
58 66 0.799033
58 67 0.811462
58 68 0.242715
58 69 0.337811
58 70 0.749155
59 60 0.671640
59 61 0.428338
59 62 0.550713
59 63 0.666343
59 64 0.653361
59 65 0.602971
59 66 0.745166
59 67 0.546750
59 68 0.305803
59 69 0.402154
59 70 0.786126
60 61 0.281749
60 62 0.252825
60 63 0.543565
60 64 0.458272
60 65 0.685892
60 66 0.755088
60 67 0.839283
60 68 0.235575
60 69 0.364428
60 70 0.765176
61 62 0.537661
61 63 0.548779
61 64 0.584285
61 65 0.795004
61 66 0.497643
61 67 0.138615
61 68 0.296980
61 69 0.425938
61 70 0.433606
62 63 0.585322
62 64 0.675900
62 65 0.465293
62 66 0.439603
62 67 0.226250
62 68 0.319230
62 69 0.257529
62 70 0.365910
63 64 0.735937
63 65 0.655545
63 66 0.560741
63 67 0.421657
63 68 0.261569
63 69 0.371862
63 70 0.607596
64 65 0.520274
64 66 0.656771
64 67 0.158651
64 68 0.573497
64 69 0.590058
64 70 0.560371
65 66 0.614795
65 67 0.570031
65 68 0.211764
65 69 0.364331
65 70 0.649792
66 67 0.568379
66 68 0.493368
66 69 0.701860
66 70 0.774343
67 68 0.033735
67 69 0.070885
67 70 0.582686
68 69 0.695067
68 70 0.281687
69 70 0.436617
